Title:  SIO2_L

liquid_1 thermodynamic data and composition:
Pressure Temperature mass S H V Cp viscosity SiO2 TiO2 Al2O3 Fe2O3 FeO MgO CaO Na2O K2O P2O5 H2O Mg#
1250.00 1050.00 7.039431 15.770051 -42578.094644 1.829080 9.590361 -0.795 19.1672 1.1606 0.116473 37.7294 37.1629 3.82892 0.118358 0.540768 0.000346861 0.0131662 0.161863 15.5
1250.00 1040.00 7.047128 15.701435 -42524.965130 1.825280 9.586935 -0.782 19.0699 1.1925 0.112552 37.8516 37.3063 3.65851 0.108984 0.527705 0.00031767 0.012958 0.15868 14.9
1250.00 1030.00 7.051153 15.624369 -42455.988940 1.820623 9.579042 -0.769 18.9774 1.21911 0.108561 37.971 37.4449 3.4951 0.100313 0.51516 0.000290498 0.012729 0.155456 14.3
1250.00 1020.00 7.052082 15.540217 -42374.292231 1.815264 9.567468 -0.756 18.8898 1.23987 0.104512 38.0879 37.5791 3.33846 0.0922859 0.503132 0.000265189 0.0124809 0.152201 13.7
1250.00 1010.00 7.050406 15.450135 -42282.502374 1.809334 9.552884 -0.742 18.8069 1.25425 0.100421 38.2029 37.7093 3.18838 0.0848516 0.491623 0.000241608 0.0122151 0.148922 13.1
1250.00 1000.00 7.066995 15.400974 -42318.056529 1.808315 9.564985 -0.729 18.7185 1.28973 0.0945282 38.33 37.7976 3.05237 0.0785485 0.479707 0.000222579 0.0120232 0.146811 12.6
1250.00 990.00 7.101174 15.390462 -42477.053555 1.811959 9.602865 -0.716 18.6221 1.35088 0.0871785 38.4713 37.8404 2.93044 0.0732661 0.466543 0.000207546 0.0119052 0.145806 12.1
1250.00 980.00 7.131336 15.369944 -42616.371817 1.814572 9.635737 -0.703 18.5277 1.40927 0.0803359 38.6131 37.8776 2.81422 0.0683285 0.452833 0.00019319 0.0117659 0.144648 11.7
1250.00 970.00 7.157816 15.340240 -42737.576746 1.816245 9.664032 -0.690 18.4354 1.4642 0.0739635 38.7555 37.9102 2.70337 0.0637054 0.438607 0.000179466 0.0116058 0.143352 11.3
1250.00 960.00 7.180873 15.302003 -42841.777511 1.817053 9.688084 -0.677 18.3452 1.51491 0.0680274 38.8985 37.9389 2.59759 0.059369 0.423909 0.000166333 0.0114249 0.141928 10.9
1250.00 950.00 7.229389 15.315734 -43097.570128 1.824063 9.746794 -0.665 18.2333 1.60646 0.0612874 39.0783 37.9191 2.47968 0.0560843 0.415375 0.000157265 0.0117838 0.138424 10.4
1250.00 940.00 7.276240 15.323707 -43346.712045 1.830535 9.803825 -0.653 18.1159 1.70643 0.0549178 39.2691 37.8829 2.36546 0.0532878 0.404979 0.000148992 0.0122794 0.134543 10.0
1250.00 930.00 7.315363 15.313331 -43552.727631 1.834984 9.850945 -0.641 17.9982 1.80466 0.049139 39.4635 37.8412 2.25771 0.0507902 0.391172 0.00014065 0.0128007 0.130679 9.6
1250.00 920.00 7.346772 15.284876 -43714.804506 1.837426 9.888098 -0.630 17.8807 1.89943 0.0439168 39.6608 37.7964 2.15573 0.0485487 0.374132 0.000132128 0.0133386 0.126834 9.2
1250.00 910.00 7.370658 15.239028 -43833.497164 1.837933 9.915479 -0.618 17.7641 1.98908 0.0392191 39.8603 37.7506 2.05896 0.0465221 0.354222 0.000123372 0.0138811 0.123013 8.9
1250.00 900.00 7.387452 15.177006 -43911.114495 1.836639 9.933622 -0.606 17.6493 2.07221 0.035014 40.0608 37.7053 1.96697 0.044672 0.331982 0.000114394 0.014414 0.119226 8.5
1250.00 890.00 7.397808 15.100497 -43951.578666 1.833740 9.943371 -0.593 17.5371 2.14767 0.0312668 40.2614 37.6617 1.87943 0.042964 0.308074 0.000105265 0.0149232 0.115486 8.2
1250.00 880.00 7.402531 15.011489 -43959.920514 1.829468 9.945792 -0.581 17.4282 2.2146 0.0279401 40.4609 37.6203 1.7961 0.0413679 0.283226 9.6102e-05 0.0153949 0.111805 7.8
1250.00 870.00 7.402493 14.912066 -43941.640995 1.824069 9.942046 -0.567 17.3235 2.27233 0.0249939 40.6587 37.5815 1.7168 0.0398584 0.258154 8.70435e-05 0.0158174 0.108196 7.5
1250.00 860.00 7.398492 14.804052 -43900.511916 1.817738 9.933099 -0.554 17.2229 2.32202 0.022378 40.8554 37.5457 1.64085 0.0373774 0.23328 7.82725e-05 0.0153036 0.104655 7.2
1250.00 850.00 7.391259 14.689158 -43841.677324 1.810689 9.919975 -0.539 17.1272 2.36253 0.0200596 41.0499 37.5129 1.56837 0.0343555 0.209236 6.98753e-05 0.0142249 0.101196 6.9

liquid_0 thermodynamic data and composition:
Pressure Temperature mass S H V Cp viscosity SiO2 TiO2 Al2O3 Fe2O3 FeO MgO CaO Na2O K2O P2O5 H2O Mg#
1250.00 1050.00 88.522880 248.411790 -1173857.472743 38.743060 128.567712 3.605 59.7705 0.82051 17.9352 0.666465 0.998653 3.6001 6.63747 3.77855 2.1689 0.247476 3.37608 86.5
1250.00 1040.00 86.833349 243.174192 -1153725.973641 38.085761 125.885995 3.694 59.9531 0.812298 18.1949 0.634729 0.950293 3.35551 6.34504 3.84873 2.21111 0.252307 3.44202 86.3
1250.00 1030.00 85.274559 238.292520 -1135213.441887 37.476773 123.410253 3.783 60.1356 0.800561 18.4358 0.604614 0.903831 3.12756 6.06292 3.91551 2.25153 0.256938 3.50519 86.0
1250.00 1020.00 83.832742 233.728651 -1118149.855768 36.911049 121.118539 3.872 60.318 0.785326 18.6589 0.576042 0.859128 2.91518 5.79103 3.97903 2.29025 0.261377 3.56575 85.8
1250.00 1010.00 82.496138 229.449976 -1102389.912678 36.384271 118.992102 3.962 60.5005 0.766675 18.8651 0.548941 0.816063 2.71734 5.52925 4.0394 2.32736 0.265635 3.62381 85.6
1250.00 1000.00 80.431675 223.362164 -1076438.184087 35.568868 115.819665 4.036 60.7719 0.755761 18.8855 0.525632 0.772007 2.53483 5.28072 4.09922 2.38502 0.272468 3.71697 85.4
1250.00 990.00 77.676336 215.576751 -1040770.796251 34.477253 111.663576 4.092 61.1261 0.753571 18.7223 0.505743 0.727226 2.36747 5.04781 4.1538 2.46494 0.282138 3.84885 85.3
1250.00 980.00 75.094323 208.266872 -1007332.535310 33.449204 107.779902 4.146 61.4671 0.74875 18.5565 0.48657 0.684452 2.21264 4.82759 4.19882 2.54443 0.291848 3.98124 85.2
1250.00 970.00 72.663557 201.373553 -975837.612420 32.476546 104.134283 4.198 61.7951 0.741285 18.3892 0.468058 0.643616 2.0693 4.61956 4.23421 2.62362 0.301622 4.1145 85.1
1250.00 960.00 70.365932 194.848435 -946051.841404 31.552611 100.698429 4.247 62.1102 0.731167 18.221 0.450166 0.604647 1.9365 4.42324 4.25998 2.70261 0.311485 4.24894 85.1
1250.00 950.00 66.331388 182.930094 -892667.568769 29.786763 94.584221 4.365 62.744 0.741595 17.8349 0.43007 0.552658 1.78521 4.19797 4.26568 2.85052 0.330384 4.26703 85.2
1250.00 940.00 62.117122 170.436971 -836736.694916 27.917541 88.219673 4.500 63.4273 0.75606 17.4129 0.409416 0.501007 1.64308 3.98791 4.23408 3.02031 0.352731 4.25517 85.4
1250.00 930.00 58.108456 158.559804 -783485.914811 26.130133 82.196271 4.639 64.0943 0.769916 17.0029 0.388693 0.452773 1.51451 3.80078 4.16477 3.19831 0.376991 4.23604 85.6
1250.00 920.00 54.329131 147.369358 -733248.166676 24.437368 76.543839 4.782 64.7436 0.782803 16.6095 0.367989 0.407993 1.398 3.63505 4.05918 3.38267 0.403136 4.21007 85.9
1250.00 910.00 50.805089 136.941125 -686384.656073 22.852935 71.295303 4.930 65.3736 0.794308 16.2365 0.347472 0.366693 1.29229 3.48891 3.92045 3.57068 0.431014 4.17807 86.3
1250.00 900.00 47.557443 127.335129 -643190.165716 21.388160 66.476453 5.081 65.9824 0.804002 15.887 0.327354 0.328861 1.19625 3.36033 3.75326 3.75905 0.460359 4.14114 86.6
1250.00 890.00 44.598215 118.583905 -603835.728867 20.050020 62.099908 5.238 66.5684 0.811453 15.5628 0.307859 0.294436 1.1089 3.24712 3.56345 3.94424 0.490818 4.10054 87.0
1250.00 880.00 41.928791 110.688425 -568347.797796 18.840415 58.163062 5.397 67.1304 0.816238 15.2645 0.28919 0.263296 1.02935 3.14703 3.35744 4.12293 0.521981 4.05763 87.5
1250.00 870.00 39.540578 103.620397 -536617.101607 17.756448 54.649224 5.560 67.6682 0.817966 14.9914 0.271505 0.235263 0.956823 3.05787 3.14164 4.29227 0.553429 4.01368 87.9
1250.00 860.00 37.367526 97.205665 -507789.739384 16.771219 51.445960 5.736 68.2405 0.816728 14.7516 0.254629 0.210118 0.889386 2.93872 2.92252 4.45465 0.551915 3.96919 88.3
1250.00 850.00 35.415536 91.449731 -481933.587486 15.886825 48.565363 5.920 68.8282 0.812031 14.5397 0.238761 0.18763 0.82705 2.80143 2.70461 4.60677 0.528504 3.92526 88.7

liquid_2 thermodynamic data and composition:
Pressure Temperature mass S H V Cp viscosity SiO2 TiO2 Al2O3 Fe2O3 FeO MgO CaO Na2O K2O P2O5 H2O Mg#
1250.00 860.00 0.029464 0.055693 -372.954436 0.010257 0.054678 -2.476 2.30206 0.202381 0.0273535 0.440285 0.000228663 2.94175 50.84 7.04653e-05 0.0241323 42.8679 0.3539 100.0
1250.00 850.00 0.073963 0.138491 -937.459514 0.025744 0.137253 -2.483 2.22176 0.196989 0.0259231 0.428471 0.000190705 2.84401 50.9483 5.63422e-05 0.0229727 42.9618 0.349532 100.0

feldspar_0 thermodynamic data and composition:
Pressure Temperature mass S H V Cp formula SiO2 TiO2 Al2O3 Fe2O3 FeO MgO CaO Na2O K2O P2O5 H2O
1250.00 1000.00 1.001947 2.287478 -14011.518363 0.375605 1.215318 K0.01Na0.29Ca0.70Al1.70Si2.30O8 50.5328 0 31.6682 0 0 0 14.3354 3.29674 0.166862 0 0
1250.00 990.00 2.977167 6.775835 -41659.035913 1.116934 3.608581 K0.01Na0.30Ca0.69Al1.69Si2.31O8 50.8798 0 31.4318 0 0 0 14.0595 3.45058 0.178269 0 0
1250.00 980.00 4.864147 11.035624 -68104.527531 1.826305 5.891544 K0.01Na0.32Ca0.67Al1.67Si2.33O8 51.2317 0 31.1921 0 0 0 13.7796 3.60618 0.190451 0 0
1250.00 970.00 6.672421 15.089820 -93479.003227 2.507232 8.075977 K0.01Na0.33Ca0.66Al1.66Si2.34O8 51.5864 0 30.9503 0 0 0 13.4973 3.76261 0.203431 0 0
1250.00 960.00 8.409643 18.956825 -117887.634852 3.162515 10.171339 K0.01Na0.34Ca0.64Al1.64Si2.36O8 51.9419 0 30.7077 0 0 0 13.2143 3.91891 0.217231 0 0
1250.00 950.00 11.802464 26.541741 -165507.030378 4.445950 14.270156 K0.01Na0.37Ca0.62Al1.62Si2.38O8 52.612 0 30.2496 0 0 0 12.6799 4.21111 0.247418 0 0
1250.00 940.00 15.404058 34.560169 -216078.720146 5.813172 18.619543 K0.02Na0.40Ca0.59Al1.59Si2.41O8 53.3231 0 29.7622 0 0 0 12.1119 4.51806 0.284725 0 0
1250.00 930.00 18.844890 42.173197 -264428.055119 7.123809 22.771285 K0.02Na0.42Ca0.56Al1.56Si2.44O8 53.9989 0 29.2976 0 0 0 11.5709 4.80615 0.32636 0 0
1250.00 920.00 22.094338 49.309975 -310126.232786 8.365340 26.687786 K0.02Na0.44Ca0.53Al1.53Si2.47O8 54.6297 0 28.8625 0 0 0 11.0648 5.07098 0.372107 0 0
1250.00 910.00 25.123286 55.904223 -352765.482832 9.525748 30.333380 K0.02Na0.46Ca0.51Al1.51Si2.49O8 55.2089 0 28.4612 0 0 0 10.5985 5.30981 0.421528 0 0
1250.00 900.00 27.909657 61.906902 -392036.338515 10.595702 33.681130 K0.03Na0.48Ca0.49Al1.49Si2.51O8 55.7334 0 28.0962 0 0 0 10.175 5.52149 0.473976 0 0
1250.00 890.00 30.441403 67.292885 -427769.490734 11.569769 36.716513 K0.03Na0.50Ca0.47Al1.47Si2.53O8 56.2024 0 27.768 0 0 0 9.7948 5.70621 0.528656 0 0
1250.00 880.00 32.717131 72.062075 -459944.550566 12.446701 39.438193 K0.03Na0.51Ca0.46Al1.46Si2.54O8 56.6175 0 27.4757 0 0 0 9.45685 5.86521 0.584699 0 0
1250.00 870.00 34.744911 76.236348 -488673.371100 13.229014 41.856569 K0.04Na0.52Ca0.44Al1.44Si2.56O8 56.982 0 27.2175 0 0 0 9.15875 6.00048 0.641257 0 0
1250.00 860.00 36.556710 79.891087 -514400.673215 13.928603 44.011152 K0.04Na0.53Ca0.43Al1.43Si2.57O8 57.3028 0 26.9885 0 0 0 8.89499 6.11506 0.698629 0 0
1250.00 850.00 38.161341 83.050079 -537248.527004 14.548513 45.913647 K0.04Na0.54Ca0.42Al1.42Si2.58O8 57.5828 0 26.787 0 0 0 8.66339 6.21084 0.755912 0 0

orthopyroxene_0 thermodynamic data and composition:
Pressure Temperature mass S H V Cp structure formula SiO2 TiO2 Al2O3 Fe2O3 FeO MgO CaO Na2O K2O P2O5 H2O
1250.00 1050.00 0.785936 1.821771 -10546.694200 0.246267 1.003017 opx Na0.00Ca0.04Fe''0.16Mg1.73Fe'''0.02Ti0.01Al0.10Si1.93O6 56.0079 0.29305 2.36895 0.859775 5.58902 33.7035 1.16057 0.0172251 0 0 0
1250.00 1040.00 0.789518 1.822314 -10596.815373 0.247142 1.006136 opx Na0.00Ca0.04Fe''0.16Mg1.73Fe'''0.02Ti0.01Al0.10Si1.93O6 55.909 0.320528 2.46142 0.862334 5.68642 33.6289 1.11373 0.0176839 0 0 0
1250.00 1030.00 0.800841 1.840521 -10750.840436 0.250435 1.019072 opx Na0.00Ca0.04Fe''0.17Mg1.73Fe'''0.02Ti0.01Al0.10Si1.93O6 55.8103 0.348449 2.55323 0.86378 5.78444 33.5531 1.06853 0.0181514 0 0 0
1250.00 1020.00 0.819639 1.875551 -11005.264129 0.256058 1.041446 opx Na0.00Ca0.04Fe''0.17Mg1.73Fe'''0.02Ti0.01Al0.11Si1.93O6 55.7126 0.376412 2.64381 0.864048 5.88314 33.4763 1.02505 0.0186275 0 0 0
1250.00 1010.00 0.845568 1.926393 -11355.534334 0.263897 1.072779 opx Na0.00Ca0.04Fe''0.17Mg1.72Fe'''0.02Ti0.01Al0.11Si1.92O6 55.6167 0.403936 2.7325 0.86306 5.98259 33.3987 0.983379 0.0191121 0 0 0
1250.00 1000.00 1.160697 2.632544 -15592.062513 0.361948 1.470492 opx Na0.00Ca0.04Fe''0.18Mg1.72Fe'''0.02Ti0.01Al0.11Si1.92O6 55.565 0.427916 2.76353 0.85253 6.07358 33.3481 0.949899 0.0195145 0 0 0
1250.00 990.00 1.731516 3.909438 -23269.549917 0.539598 2.190750 opx Na0.00Ca0.03Fe''0.18Mg1.72Fe'''0.02Ti0.01Al0.11Si1.92O6 55.5586 0.448106 2.73574 0.833008 6.15396 33.3269 0.923838 0.019815 0 0 0
1250.00 980.00 2.252238 5.061876 -30280.111237 0.701423 2.845773 opx Na0.00Ca0.03Fe''0.18Mg1.72Fe'''0.02Ti0.01Al0.11Si1.92O6 55.5546 0.466958 2.70681 0.813307 6.23306 33.3069 0.898354 0.0201005 0 0 0
1250.00 970.00 2.727987 6.102773 -36692.046537 0.849056 3.442270 opx Na0.00Ca0.03Fe''0.18Mg1.72Fe'''0.02Ti0.01Al0.11Si1.92O6 55.5532 0.484107 2.67628 0.79333 6.3112 33.2879 0.873567 0.0203685 0 0 0
1250.00 960.00 3.163231 7.043378 -42564.835810 0.983921 3.986091 opx Na0.00Ca0.03Fe''0.19Mg1.72Fe'''0.02Ti0.01Al0.11Si1.92O6 55.5553 0.49915 2.64365 0.772981 6.38866 33.27 0.849603 0.0206163 0 0 0
1250.00 950.00 3.907861 8.659920 -52602.083381 1.214881 4.917689 opx Na0.00Ca0.03Fe''0.19Mg1.72Fe'''0.02Ti0.01Al0.10Si1.93O6 55.5935 0.506819 2.56007 0.746456 6.48128 33.2581 0.832573 0.0212603 0 0 0
1250.00 940.00 4.611504 10.169872 -62093.648651 1.432905 5.795202 opx Na0.00Ca0.03Fe''0.19Mg1.72Fe'''0.02Ti0.01Al0.10Si1.93O6 55.6426 0.509687 2.46511 0.718717 6.57583 33.2486 0.817523 0.0219107 0 0 0
1250.00 930.00 5.207411 11.427965 -70140.785626 1.617281 6.535052 opx Na0.00Ca0.03Fe''0.19Mg1.72Fe'''0.02Ti0.01Al0.10Si1.93O6 55.6961 0.508429 2.36883 0.690908 6.67026 33.2396 0.803328 0.022464 0 0 0
1250.00 920.00 5.704881 12.457849 -76866.964147 1.770947 7.149405 opx Na0.00Ca0.03Fe''0.20Mg1.72Fe'''0.02Ti0.01Al0.09Si1.93O6 55.7531 0.503132 2.2721 0.663091 6.76546 33.2302 0.789975 0.0229052 0 0 0
1250.00 910.00 6.114290 13.285155 -82410.293651 1.897161 7.651710 opx Na0.00Ca0.03Fe''0.20Mg1.72Fe'''0.02Ti0.01Al0.09Si1.94O6 55.8123 0.494187 2.17609 0.6354 6.86193 33.2195 0.777347 0.0232232 0 0 0
1250.00 900.00 6.446961 13.937147 -86921.918386 1.999465 8.056530 opx Na0.00Ca0.03Fe''0.20Mg1.72Fe'''0.02Ti0.01Al0.09Si1.94O6 55.8722 0.482224 2.08211 0.608018 6.95982 33.207 0.765249 0.023412 0 0 0
1250.00 890.00 6.714635 14.441537 -90559.065305 2.081523 8.378886 opx Na0.00Ca0.03Fe''0.20Mg1.72Fe'''0.02Ti0.01Al0.08Si1.94O6 55.9314 0.467989 1.9914 0.581131 7.05893 33.1922 0.753451 0.023472 0 0 0
1250.00 880.00 6.928809 14.825024 -93476.056543 2.146917 8.633425 opx Na0.00Ca0.03Fe''0.21Mg1.72Fe'''0.01Ti0.01Al0.08Si1.94O6 55.9887 0.452217 1.90495 0.5549 7.15884 33.1753 0.741726 0.0234092 0 0 0
1250.00 870.00 7.100116 15.111982 -95815.944297 2.198960 8.833652 opx Na0.00Ca0.03Fe''0.21Mg1.72Fe'''0.01Ti0.01Al0.07Si1.95O6 56.0433 0.435531 1.82336 0.529436 7.259 33.1562 0.729892 0.0232343 0 0 0
1250.00 860.00 7.237249 15.322194 -97695.024051 2.240353 8.990567 opx Na0.00Ca0.03Fe''0.21Mg1.71Fe'''0.01Ti0.01Al0.07Si1.95O6 56.0951 0.418276 1.74618 0.504707 7.3599 33.135 0.717958 0.0229583 0 0 0
1250.00 850.00 7.347974 15.473155 -99218.426528 2.273518 9.114007 opx Na0.00Ca0.03Fe''0.22Mg1.71Fe'''0.01Ti0.01Al0.07Si1.95O6 56.1437 0.400835 1.67375 0.480786 7.46057 33.112 0.705783 0.0225949 0 0 0

clinopyroxene_0 thermodynamic data and composition:
Pressure Temperature mass S H V Cp structure formula SiO2 TiO2 Al2O3 Fe2O3 FeO MgO CaO Na2O K2O P2O5 H2O
1250.00 1050.00 3.641754 8.109347 -48260.001747 1.132134 4.313159 cpx Na0.01Ca0.84Fe''0.08Mg0.95Fe'''0.04Ti0.02Al0.17Si1.88O6 51.6218 0.814384 4.01982 1.57439 2.63556 17.5373 21.6068 0.189895 0 0 0
1250.00 1040.00 5.320006 11.794804 -70530.223351 1.651909 6.289886 cpx Na0.01Ca0.85Fe''0.08Mg0.94Fe'''0.04Ti0.02Al0.18Si1.87O6 51.4173 0.903891 4.1999 1.58988 2.64875 17.3491 21.6902 0.200989 0 0 0
1250.00 1030.00 6.863448 15.149755 -91031.911062 2.128608 8.100556 cpx Na0.02Ca0.85Fe''0.08Mg0.93Fe'''0.04Ti0.03Al0.19Si1.86O6 51.2074 0.999104 4.38358 1.60428 2.66111 17.1609 21.7709 0.212673 0 0 0
1250.00 1020.00 8.285539 18.207472 -109941.772015 2.566535 9.761846 cpx Na0.02Ca0.85Fe''0.08Mg0.92Fe'''0.04Ti0.03Al0.20Si1.86O6 50.9926 1.09972 4.5705 1.6175 2.6726 16.9731 21.8491 0.224953 0 0 0
1250.00 1010.00 9.597890 20.996704 -127412.427694 2.969410 11.288177 cpx Na0.02Ca0.86Fe''0.08Mg0.91Fe'''0.04Ti0.03Al0.20Si1.85O6 50.7738 1.20524 4.76011 1.62943 2.6832 16.7859 21.9244 0.23783 0 0 0
1250.00 1000.00 10.328687 22.492077 -137186.567548 3.191986 12.127535 cpx Na0.02Ca0.86Fe''0.08Mg0.90Fe'''0.04Ti0.04Al0.21Si1.85O6 50.5978 1.31688 4.87974 1.63187 2.68584 16.6373 22.0011 0.24949 0 0 0
1250.00 990.00 10.503808 22.766651 -139596.988322 3.242888 12.313784 cpx Na0.02Ca0.86Fe''0.08Mg0.90Fe'''0.04Ti0.04Al0.21Si1.84O6 50.4607 1.43725 4.93016 1.62624 2.67951 16.5262 22.0803 0.259676 0 0 0
1250.00 980.00 10.647957 22.970081 -141597.310586 3.284019 12.462880 cpx Na0.02Ca0.87Fe''0.08Mg0.89Fe'''0.04Ti0.04Al0.21Si1.84O6 50.3121 1.5657 4.9884 1.62156 2.67143 16.4124 22.1582 0.270207 0 0 0
1250.00 970.00 10.768221 23.118473 -143280.959785 3.317579 12.583251 cpx Na0.02Ca0.87Fe''0.08Mg0.89Fe'''0.04Ti0.05Al0.22Si1.83O6 50.1513 1.70264 5.05498 1.61777 2.66168 16.2959 22.2346 0.281071 0 0 0
1250.00 960.00 10.870323 23.224733 -144723.442708 3.345344 12.681688 cpx Na0.02Ca0.87Fe''0.08Mg0.88Fe'''0.04Ti0.05Al0.22Si1.83O6 49.9777 1.84846 5.13039 1.6148 2.65033 16.1764 22.3097 0.292249 0 0 0
1250.00 950.00 10.559285 22.449722 -140651.400473 3.245991 12.298838 cpx Na0.02Ca0.88Fe''0.08Mg0.88Fe'''0.04Ti0.06Al0.22Si1.82O6 49.8224 2.0091 5.16293 1.61405 2.64046 16.0702 22.3717 0.309131 0 0 0
1250.00 940.00 10.234057 21.650416 -136384.161406 3.142449 11.900635 cpx Na0.02Ca0.88Fe''0.08Mg0.87Fe'''0.04Ti0.06Al0.22Si1.82O6 49.6648 2.17596 5.19189 1.61445 2.62941 15.9662 22.4302 0.32706 0 0 0
1250.00 930.00 9.984935 21.017454 -133128.546799 3.062462 11.591982 cpx Na0.02Ca0.88Fe''0.08Mg0.87Fe'''0.04Ti0.06Al0.23Si1.81O6 49.5026 2.34473 5.22587 1.61503 2.61727 15.8625 22.4873 0.344685 0 0 0
1250.00 920.00 9.811492 20.547666 -130881.355597 3.005871 11.372064 cpx Na0.03Ca0.88Fe''0.08Mg0.86Fe'''0.04Ti0.07Al0.23Si1.81O6 49.3401 2.51195 5.26298 1.61499 2.60473 15.7607 22.5429 0.361715 0 0 0
1250.00 910.00 9.708418 20.227682 -129574.240640 2.971016 11.234398 cpx Na0.03Ca0.89Fe''0.08Mg0.86Fe'''0.04Ti0.07Al0.23Si1.80O6 49.1815 2.67424 5.30137 1.61358 2.59233 15.6622 22.5969 0.37787 0 0 0
1250.00 900.00 9.666714 20.036673 -129089.394348 2.955112 11.168258 cpx Na0.03Ca0.89Fe''0.08Mg0.85Fe'''0.04Ti0.08Al0.23Si1.80O6 49.03 2.82893 5.33966 1.61015 2.58042 15.5683 22.6496 0.392917 0 0 0
1250.00 890.00 9.675251 19.949752 -129280.094258 2.954719 11.160488 cpx Na0.03Ca0.89Fe''0.08Mg0.85Fe'''0.04Ti0.08Al0.23Si1.79O6 48.8872 2.97462 5.37736 1.60432 2.56911 15.4795 22.7012 0.406696 0 0 0
1250.00 880.00 9.722330 19.941288 -129991.343549 2.966219 11.197318 cpx Na0.03Ca0.89Fe''0.08Mg0.84Fe'''0.04Ti0.09Al0.23Si1.79O6 48.7529 3.1113 5.41497 1.59596 2.55831 15.3955 22.752 0.419141 0 0 0
1250.00 870.00 9.796945 19.987529 -131076.789306 2.986209 11.265827 cpx Na0.03Ca0.90Fe''0.08Mg0.84Fe'''0.04Ti0.09Al0.24Si1.79O6 48.625 3.24018 5.45382 1.58514 2.54782 15.3155 22.8023 0.430274 0 0 0
1250.00 860.00 9.891594 20.072264 -132435.945687 3.012350 11.357167 cpx Na0.03Ca0.90Fe''0.08Mg0.83Fe'''0.04Ti0.09Al0.24Si1.78O6 48.5011 3.36329 5.49486 1.57216 2.53762 15.2385 22.8522 0.440168 0 0 0
1250.00 850.00 9.997819 20.177690 -133955.852755 3.042024 11.461457 cpx Na0.03Ca0.90Fe''0.08Mg0.83Fe'''0.04Ti0.10Al0.24Si1.78O6 48.378 3.48271 5.5403 1.55725 2.52731 15.1634 22.9021 0.448929 0 0 0

water thermodynamic data and composition:
Pressure Temperature mass S H V Cp formula
1250.00 950.00 0.159615 1.569669 -1887.592909 0.688638 0.527136 H2O
1250.00 940.00 0.347020 3.403185 -4115.310936 1.478519 1.152463 H2O
1250.00 930.00 0.528946 5.172725 -6290.384608 2.225019 1.766979 H2O
1250.00 920.00 0.703387 6.858974 -8388.467773 2.920502 2.364237 H2O
1250.00 910.00 0.868259 8.442052 -10383.974353 3.557446 2.937355 H2O
1250.00 900.00 1.021774 9.905231 -12254.622539 4.130007 3.480273 H2O
1250.00 890.00 1.162689 11.237266 -13984.433777 4.634929 3.988606 H2O
1250.00 880.00 1.290409 12.433301 -15565.039578 5.071791 4.460028 H2O
1250.00 870.00 1.404959 13.494540 -16995.491089 5.442741 4.894259 H2O
1250.00 860.00 1.508966 14.447152 -18306.431287 5.759891 5.300097 H2O
1250.00 850.00 1.602110 15.288833 -19492.943640 6.023681 5.676123 H2O
