Title:  ONELIQ

liquid_0 thermodynamic data and composition:
Pressure Temperature mass S H V Cp viscosity SiO2 TiO2 Al2O3 Fe2O3 FeO MgO CaO Na2O K2O P2O5 H2O Mg#
1250.00 1050.00 97.818926 270.690893 -1266864.629250 42.137430 139.789984 3.710 60.2644 0.743514 16.4225 1.88003 2.87874 2.96706 6.03155 3.23046 2.31039 0.204459 3.06689 64.8
1250.00 1040.00 97.113860 267.887625 -1261544.783277 41.867969 138.660253 3.802 60.4626 0.729527 16.5162 1.73596 2.76779 2.84307 6.0688 3.25383 2.32717 0.205944 3.08916 64.7
1250.00 1030.00 96.241103 264.664538 -1253979.528780 41.537252 137.265828 3.899 60.659 0.717986 16.6386 1.60675 2.63837 2.66993 6.11294 3.2832 2.34827 0.207811 3.11717 64.3
1250.00 1020.00 95.420347 261.580399 -1246920.519637 41.223434 135.955983 3.995 60.8438 0.706662 16.7565 1.48922 2.50973 2.50739 6.15335 3.3113 2.36847 0.209599 3.14398 64.0
1250.00 1010.00 94.646735 258.621793 -1240319.803721 40.924936 134.722528 4.092 61.0177 0.695591 16.8705 1.38225 2.38216 2.35477 6.19002 3.33823 2.38783 0.211312 3.16968 63.8
1250.00 1000.00 90.599124 247.585056 -1192019.741584 39.451605 128.515564 4.232 61.6741 0.649881 17.361 1.25431 2.29557 2.07549 5.1915 3.47154 2.49451 0.220753 3.31129 61.7
1250.00 990.00 89.215819 243.173377 -1177268.816972 38.931588 126.364911 4.339 61.9539 0.626547 17.5457 1.16111 2.18351 1.91845 4.97013 3.52071 2.53318 0.224175 3.36263 61.0
1250.00 980.00 86.510534 235.488638 -1144269.479592 37.890205 122.327520 4.421 62.3934 0.612986 17.4373 1.08262 2.0661 1.77687 4.7674 3.55622 2.60814 0.231186 3.46779 60.5
1250.00 970.00 83.634331 227.419706 -1108661.154430 36.775142 118.066721 4.493 62.8572 0.601113 17.2582 1.01212 1.94705 1.64864 4.57736 3.58019 2.69194 0.239136 3.58704 60.1
1250.00 960.00 80.933238 219.826723 -1075170.381246 35.721990 114.077496 4.563 63.3018 0.588517 17.0803 0.947429 1.82913 1.53189 4.39708 3.59472 2.77521 0.247117 3.70676 59.9
1250.00 950.00 78.390473 212.664557 -1043589.096586 34.724796 110.332836 4.630 63.7272 0.575413 16.9045 0.888046 1.71328 1.42545 4.22607 3.59992 2.85794 0.255133 3.827 59.7
1250.00 940.00 75.991747 205.894741 -1013741.499253 33.778542 106.809714 4.695 64.1336 0.561976 16.7315 0.833497 1.60029 1.32824 4.06382 3.59602 2.94009 0.263186 3.9478 59.7
1250.00 930.00 73.724772 199.484161 -985477.632952 32.878956 103.488326 4.757 64.5212 0.548343 16.5617 0.783341 1.49082 1.23931 3.90984 3.58327 3.02162 0.271279 4.06919 59.7
1250.00 920.00 71.340796 192.668402 -955495.476803 31.908828 99.986833 4.828 64.9391 0.536464 16.3686 0.7364 1.38093 1.15505 3.75963 3.55736 3.11148 0.280345 4.17464 59.9
1250.00 910.00 67.421872 181.063686 -904864.903088 30.188788 94.139843 4.981 65.6883 0.538547 15.9895 0.687534 1.24432 1.06024 3.59252 3.47811 3.26801 0.29664 4.15632 60.3
1250.00 900.00 63.789905 170.294691 -857850.042697 28.585929 88.738834 5.137 66.4072 0.541366 15.6322 0.642231 1.11598 0.975819 3.44065 3.37271 3.42515 0.313529 4.13313 60.9
1250.00 890.00 60.450294 160.377258 -814547.362950 27.104856 83.786515 5.296 67.094 0.544754 15.2986 0.600321 0.996954 0.900394 3.3023 3.24507 3.58085 0.33085 4.1059 61.7
1250.00 880.00 57.401048 151.305281 -774955.555075 25.746646 79.275365 5.458 67.7473 0.548492 14.9896 0.561635 0.887788 0.832767 3.17574 3.09957 3.73312 0.348426 4.0755 62.6
1250.00 870.00 54.633092 143.051755 -738978.051918 24.508939 75.188136 5.621 68.367 0.552324 14.705 0.526001 0.788594 0.7719 3.05939 2.94071 3.88023 0.366078 4.0428 63.6
1250.00 860.00 52.131716 135.573110 -706441.215940 23.386558 71.499976 5.787 68.9532 0.555981 14.444 0.493234 0.699145 0.716905 2.95177 2.7728 4.02075 0.383644 4.00857 64.6
1250.00 850.00 49.878399 128.814629 -677118.065195 22.372339 68.181074 5.955 69.5069 0.559188 14.2054 0.463144 0.61897 0.667019 2.85157 2.59976 4.15362 0.400975 3.97349 65.8

clinopyroxene_0 thermodynamic data and composition:
Pressure Temperature mass S H V Cp structure formula SiO2 TiO2 Al2O3 Fe2O3 FeO MgO CaO Na2O K2O P2O5 H2O
1250.00 1000.00 5.717737 12.454644 -73593.229117 1.747021 6.639640 cpx Na0.02Ca0.82Fe''0.17Mg0.83Fe'''0.08Ti0.03Al0.20Si1.84O6 49.8313 0.907864 4.69066 2.8089 5.53935 15.1422 20.8221 0.257612 0 0 0
1250.00 990.00 6.989547 15.155506 -90000.587535 2.133412 8.102618 cpx Na0.02Ca0.83Fe''0.17Mg0.83Fe'''0.08Ti0.03Al0.21Si1.84O6 49.703 0.964935 4.82371 2.77533 5.60451 14.9627 20.8956 0.270275 0 0 0
1250.00 980.00 7.264399 15.677897 -93609.396992 2.215806 8.409091 cpx Na0.02Ca0.83Fe''0.17Mg0.82Fe'''0.08Ti0.03Al0.21Si1.84O6 49.6792 1.01655 4.8176 2.71347 5.6489 14.8634 20.9821 0.278833 0 0 0
1250.00 970.00 7.290076 15.658903 -94024.243212 2.222393 8.427383 cpx Na0.02Ca0.84Fe''0.18Mg0.82Fe'''0.07Ti0.03Al0.21Si1.84O6 49.681 1.06719 4.77862 2.64673 5.67788 14.7886 21.0737 0.28628 0 0 0
1250.00 960.00 7.305400 15.616950 -94313.157190 2.225881 8.433847 cpx Na0.02Ca0.84Fe''0.18Mg0.81Fe'''0.07Ti0.03Al0.21Si1.84O6 49.6816 1.11876 4.74218 2.58253 5.69535 14.719 21.1668 0.293738 0 0 0
1250.00 950.00 7.315997 15.564315 -94547.960153 2.227980 8.434998 cpx Na0.02Ca0.84Fe''0.18Mg0.81Fe'''0.07Ti0.03Al0.21Si1.84O6 49.6806 1.17162 4.7086 2.52081 5.70208 14.6542 21.2608 0.301204 0 0 0
1250.00 940.00 7.326076 15.510043 -94782.356010 2.229965 8.435679 cpx Na0.02Ca0.85Fe''0.18Mg0.81Fe'''0.07Ti0.03Al0.20Si1.84O6 49.6774 1.22612 4.67821 2.46147 5.69884 14.594 21.3553 0.308679 0 0 0
1250.00 930.00 7.338693 15.460570 -95055.311793 2.232756 8.439378 cpx Na0.02Ca0.85Fe''0.18Mg0.80Fe'''0.07Ti0.04Al0.20Si1.84O6 49.6712 1.28267 4.6514 2.40446 5.68643 14.5379 21.4498 0.316169 0 0 0
1250.00 920.00 7.305373 15.314168 -94734.191250 2.221603 8.390372 cpx Na0.02Ca0.86Fe''0.18Mg0.80Fe'''0.07Ti0.04Al0.20Si1.84O6 49.6673 1.34025 4.6199 2.35011 5.66952 14.4868 21.5419 0.32419 0 0 0
1250.00 910.00 6.962753 14.522882 -90379.342992 2.116519 7.986793 cpx Na0.02Ca0.86Fe''0.18Mg0.80Fe'''0.06Ti0.04Al0.20Si1.84O6 49.7043 1.38892 4.53061 2.30087 5.66924 14.4512 21.6194 0.335491 0 0 0
1250.00 900.00 6.718044 13.941640 -87296.605006 2.041334 7.696562 cpx Na0.02Ca0.86Fe''0.18Mg0.80Fe'''0.06Ti0.04Al0.19Si1.84O6 49.7364 1.43906 4.44885 2.25386 5.65535 14.4211 21.6993 0.345991 0 0 0
1250.00 890.00 6.559127 13.542336 -85330.104508 1.992302 7.505300 cpx Na0.03Ca0.87Fe''0.17Mg0.80Fe'''0.06Ti0.04Al0.19Si1.84O6 49.7618 1.49155 4.37611 2.20907 5.62967 14.3949 21.7812 0.355704 0 0 0
1250.00 880.00 6.472066 13.293617 -84300.330267 1.965138 7.396640 cpx Na0.03Ca0.87Fe''0.17Mg0.79Fe'''0.06Ti0.04Al0.19Si1.85O6 49.7784 1.54731 4.31367 2.16647 5.59397 14.371 21.8645 0.36468 0 0 0
1250.00 870.00 6.442799 13.164441 -84025.834288 1.955529 7.354161 cpx Na0.03Ca0.87Fe''0.17Mg0.79Fe'''0.06Ti0.04Al0.19Si1.85O6 49.7846 1.60729 4.26256 2.12604 5.54987 14.348 21.9486 0.372999 0 0 0
1250.00 860.00 6.458297 13.126449 -84338.115802 1.959482 7.362706 cpx Na0.03Ca0.88Fe''0.17Mg0.79Fe'''0.06Ti0.05Al0.18Si1.85O6 49.7787 1.67248 4.22367 2.08776 5.49882 14.3246 22.0333 0.380761 0 0 0
1250.00 850.00 6.507212 13.155215 -85089.958361 1.973520 7.409102 cpx Na0.03Ca0.88Fe''0.17Mg0.79Fe'''0.06Ti0.05Al0.18Si1.84O6 49.7591 1.74392 4.19779 2.05166 5.44211 14.2993 22.118 0.38808 0 0 0

spinel_0 thermodynamic data and composition:
Pressure Temperature mass S H V Cp formula SiO2 TiO2 Al2O3 Fe2O3 FeO MgO CaO Na2O K2O P2O5 H2O
1250.00 1050.00 2.191076 4.503698 -12225.390213 0.474381 2.070747 Fe''0.76Mg0.38Fe'''1.49Al0.24Cr0.00Ti0.14O4 0 5.14369 5.73689 56.1812 25.7429 7.19533 0 0 0 0 0
1250.00 1040.00 2.469681 5.058078 -13770.295277 0.533816 2.330092 Fe''0.77Mg0.37Fe'''1.48Al0.24Cr0.00Ti0.14O4 0 5.30144 5.71511 55.8125 26.142 7.02893 0 0 0 0 0
1250.00 1030.00 2.720498 5.549574 -15125.143638 0.586725 2.561112 Fe''0.79Mg0.36Fe'''1.48Al0.24Cr0.00Ti0.14O4 0 5.42476 5.66391 55.5111 26.6002 6.80004 0 0 0 0 0
1250.00 1020.00 2.949724 5.993055 -16355.156126 0.634804 2.771013 Fe''0.80Mg0.35Fe'''1.47Al0.23Cr0.00Ti0.15O4 0 5.5448 5.61184 55.223 27.0383 6.58205 0 0 0 0 0
1250.00 1010.00 3.159523 6.393404 -17473.701286 0.678557 2.961986 Fe''0.81Mg0.34Fe'''1.47Al0.23Cr0.00Ti0.15O4 0 5.66143 5.55871 54.9484 27.457 6.37454 0 0 0 0 0
1250.00 1000.00 3.278621 6.609904 -18091.528914 0.702106 3.065125 Fe''0.85Mg0.32Fe'''1.44Al0.23Cr0.00Ti0.16O4 0 6.06083 5.58948 53.9277 28.4431 5.97884 0 0 0 0 0
1250.00 990.00 3.428729 6.884217 -18870.765338 0.732646 3.198494 Fe''0.86Mg0.30Fe'''1.43Al0.23Cr0.00Ti0.17O4 0 6.2134 5.55592 53.5419 28.9523 5.73651 0 0 0 0 0
1250.00 980.00 3.622321 7.240159 -19828.913027 0.771999 3.369989 Fe''0.88Mg0.29Fe'''1.43Al0.22Cr0.00Ti0.17O4 0 6.47764 5.3123 53.1909 29.5186 5.50051 0 0 0 0 0
1250.00 970.00 3.812636 7.585618 -20755.342653 0.810499 3.537604 Fe''0.90Mg0.28Fe'''1.42Al0.21Cr0.00Ti0.18O4 0 6.75394 5.03655 52.8642 30.0628 5.28254 0 0 0 0 0
1250.00 960.00 3.985818 7.893832 -21589.466726 0.845310 3.689053 Fe''0.92Mg0.27Fe'''1.42Al0.20Cr0.00Ti0.19O4 0 7.0091 4.78089 52.5641 30.5639 5.08202 0 0 0 0 0
1250.00 950.00 4.143152 8.167754 -22339.231214 0.876728 3.825640 Fe''0.93Mg0.26Fe'''1.42Al0.19Cr0.00Ti0.20O4 0 7.243 4.5433 52.292 31.0249 4.89681 0 0 0 0 0
1250.00 940.00 4.285832 8.410111 -23011.722814 0.905025 3.948565 Fe''0.95Mg0.25Fe'''1.41Al0.18Cr0.00Ti0.20O4 0 7.45586 4.32197 52.0486 31.4485 4.72501 0 0 0 0 0
1250.00 930.00 4.414973 8.623424 -23613.298721 0.930449 4.058924 Fe''0.96Mg0.25Fe'''1.41Al0.18Cr0.00Ti0.21O4 0 7.64812 4.11534 51.8341 31.8375 4.56493 0 0 0 0 0
1250.00 920.00 4.537463 8.821001 -24173.611505 0.954398 4.162852 Fe''0.98Mg0.24Fe'''1.41Al0.17Cr0.00Ti0.21O4 0 7.82559 3.90937 51.6502 32.2047 4.41019 0 0 0 0 0
1250.00 910.00 4.684900 9.061707 -24818.287274 0.983152 4.287928 Fe''0.99Mg0.23Fe'''1.41Al0.16Cr0.00Ti0.22O4 0 8.01257 3.63388 51.5185 32.6004 4.23468 0 0 0 0 0
1250.00 900.00 4.810831 9.258418 -25355.842300 1.007435 4.393520 Fe''1.00Mg0.22Fe'''1.41Al0.15Cr0.00Ti0.22O4 0 8.16512 3.38704 51.4286 32.9431 4.07608 0 0 0 0 0
1250.00 890.00 4.917152 9.415337 -25796.610447 1.027655 4.481424 Fe''1.01Mg0.21Fe'''1.41Al0.14Cr0.00Ti0.23O4 0 8.28625 3.16569 51.377 33.2396 3.93143 0 0 0 0 0
1250.00 880.00 5.005969 9.536986 -26151.755223 1.044262 4.553600 Fe''1.02Mg0.21Fe'''1.41Al0.13Cr0.00Ti0.23O4 0 8.3792 2.96698 51.3593 33.4962 3.79825 0 0 0 0 0
1250.00 870.00 5.079423 9.627880 -26432.409034 1.057706 4.612026 Fe''1.03Mg0.20Fe'''1.41Al0.12Cr0.00Ti0.23O4 0 8.4471 2.78831 51.3715 33.7186 3.67445 0 0 0 0 0
1250.00 860.00 5.139554 9.692258 -26648.965897 1.068415 4.658569 Fe''1.04Mg0.19Fe'''1.42Al0.11Cr0.00Ti0.23O4 0 8.49283 2.62733 51.4098 33.9117 3.55831 0 0 0 0 0
1250.00 850.00 5.188204 9.733901 -26810.603012 1.076773 4.694903 Fe''1.05Mg0.19Fe'''1.42Al0.11Cr0.00Ti0.24O4 0 8.51877 2.48193 51.4714 34.0796 3.44836 0 0 0 0 0

orthopyroxene_0 thermodynamic data and composition:
Pressure Temperature mass S H V Cp structure formula SiO2 TiO2 Al2O3 Fe2O3 FeO MgO CaO Na2O K2O P2O5 H2O
1250.00 1040.00 0.426460 0.977127 -5451.137798 0.130868 0.530734 opx Na0.00Ca0.06Fe''0.32Mg1.55Fe'''0.04Ti0.00Al0.09Si1.93O6 54.5114 0.140477 2.19121 1.34842 10.8959 29.4039 1.48921 0.0193632 0 0 0
1250.00 1030.00 1.048401 2.390954 -13385.383714 0.321327 1.301737 opx Na0.00Ca0.06Fe''0.33Mg1.54Fe'''0.03Ti0.00Al0.09Si1.93O6 54.4728 0.135648 2.17326 1.28462 11.1736 29.1338 1.60629 0.0200813 0 0 0
1250.00 1020.00 1.639930 3.722365 -20913.986179 0.502016 2.031471 opx Na0.00Ca0.07Fe''0.34Mg1.53Fe'''0.03Ti0.00Al0.09Si1.94O6 54.4337 0.130742 2.15448 1.22308 11.4424 28.86 1.73475 0.0208442 0 0 0
1250.00 1010.00 2.203743 4.978327 -28073.713320 0.673812 2.723510 opx Na0.00Ca0.07Fe''0.35Mg1.52Fe'''0.03Ti0.00Al0.09Si1.94O6 54.3947 0.125773 2.13462 1.16362 11.7009 28.5824 1.87637 0.0216572 0 0 0
1250.00 1000.00 0.414520 0.931891 -5262.073670 0.126369 0.511116 opx Na0.00Ca0.06Fe''0.37Mg1.51Fe'''0.03Ti0.00Al0.10Si1.93O6 54.1745 0.142899 2.31523 1.18499 12.2941 28.4206 1.44652 0.0212502 0 0 0
1250.00 990.00 0.375907 0.840978 -4763.418514 0.114405 0.462427 opx Na0.00Ca0.05Fe''0.38Mg1.50Fe'''0.03Ti0.00Al0.10Si1.93O6 54.0876 0.142534 2.34909 1.14909 12.6464 28.1789 1.42464 0.0217366 0 0 0
1250.00 980.00 0.871193 1.939444 -11023.486291 0.264780 1.069451 opx Na0.00Ca0.05Fe''0.39Mg1.49Fe'''0.03Ti0.00Al0.10Si1.93O6 54.0691 0.139478 2.29805 1.09642 12.9692 27.9889 1.4169 0.0219407 0 0 0
1250.00 970.00 1.443511 3.197669 -18242.763999 0.438183 1.768490 opx Na0.00Ca0.05Fe''0.40Mg1.49Fe'''0.03Ti0.00Al0.09Si1.94O6 54.0693 0.135891 2.22889 1.04264 13.2655 27.8257 1.41001 0.02204 0 0 0
1250.00 960.00 1.959512 4.319216 -24737.413166 0.594121 2.396058 opx Na0.00Ca0.05Fe''0.41Mg1.48Fe'''0.03Ti0.00Al0.09Si1.94O6 54.0715 0.132398 2.16284 0.992186 13.5409 27.6778 1.40029 0.0221042 0 0 0
1250.00 950.00 2.423715 5.315865 -30569.696179 0.734052 2.958192 opx Na0.00Ca0.05Fe''0.41Mg1.47Fe'''0.03Ti0.00Al0.09Si1.94O6 54.0757 0.129024 2.09968 0.94474 13.7963 27.5444 1.38795 0.0221343 0 0 0
1250.00 940.00 2.840379 6.198625 -35797.628841 0.859341 3.460537 opx Na0.00Ca0.05Fe''0.42Mg1.47Fe'''0.02Ti0.00Al0.09Si1.94O6 54.082 0.125782 2.03922 0.900027 14.0327 27.4249 1.37322 0.0221315 0 0 0
1250.00 930.00 3.213545 6.977823 -40475.499773 0.971274 3.908397 opx Na0.00Ca0.05Fe''0.43Mg1.46Fe'''0.02Ti0.00Al0.08Si1.94O6 54.0901 0.122676 1.98125 0.857792 14.2512 27.3185 1.35636 0.0220972 0 0 0
1250.00 920.00 3.591429 7.758899 -45209.459870 1.084441 4.360516 opx Na0.00Ca0.05Fe''0.43Mg1.46Fe'''0.02Ti0.00Al0.08Si1.95O6 54.1012 0.119408 1.92068 0.817319 14.4616 27.219 1.33877 0.0220693 0 0 0
1250.00 910.00 4.208668 9.045095 -52930.994225 1.269490 5.100511 opx Na0.00Ca0.05Fe''0.44Mg1.45Fe'''0.02Ti0.00Al0.08Si1.95O6 54.1229 0.114357 1.82869 0.775995 14.7083 27.1005 1.32705 0.0222348 0 0 0
1250.00 900.00 4.712746 10.075729 -59231.617337 1.420188 5.701452 opx Na0.00Ca0.05Fe''0.45Mg1.45Fe'''0.02Ti0.00Al0.07Si1.95O6 54.1468 0.109829 1.74328 0.737597 14.9244 27.0037 1.31203 0.0222944 0 0 0
1250.00 890.00 5.118661 10.886491 -64305.254706 1.541172 6.182254 opx Na0.00Ca0.05Fe''0.46Mg1.45Fe'''0.02Ti0.00Al0.07Si1.95O6 54.1723 0.10577 1.66434 0.701799 15.1141 26.9253 1.29416 0.0222545 0 0 0
1250.00 880.00 5.441624 11.512795 -68345.653911 1.637101 6.561861 opx Na0.00Ca0.05Fe''0.46Mg1.44Fe'''0.02Ti0.00Al0.07Si1.96O6 54.1985 0.102125 1.59169 0.668308 15.2812 26.8622 1.27384 0.0221234 0 0 0
1250.00 870.00 5.696153 11.987890 -71535.901979 1.712399 6.858204 opx Na0.00Ca0.05Fe''0.47Mg1.44Fe'''0.02Ti0.00Al0.06Si1.96O6 54.2248 0.0988356 1.52502 0.636857 15.4295 26.8116 1.25144 0.0219109 0 0 0
1250.00 860.00 5.895445 12.341602 -74041.286946 1.771066 7.087476 opx Na0.00Ca0.05Fe''0.47Mg1.44Fe'''0.02Ti0.00Al0.06Si1.96O6 54.2506 0.0958475 1.46395 0.607214 15.5626 26.7709 1.22731 0.0216271 0 0 0
1250.00 850.00 6.051054 12.599745 -76005.734716 1.816595 7.263779 opx Na0.00Ca0.05Fe''0.47Mg1.44Fe'''0.02Ti0.00Al0.06Si1.96O6 54.2755 0.0931054 1.40806 0.579173 15.6836 26.7376 1.20178 0.0212823 0 0 0

feldspar_0 thermodynamic data and composition:
Pressure Temperature mass S H V Cp formula SiO2 TiO2 Al2O3 Fe2O3 FeO MgO CaO Na2O K2O P2O5 H2O
1250.00 980.00 1.741556 3.951892 -24381.462079 0.654004 2.109427 K0.01Na0.32Ca0.67Al1.67Si2.33O8 51.2887 0 31.149 0 0 0 13.7307 3.6201 0.211523 0 0
1250.00 970.00 3.829448 8.661810 -53643.893582 1.439193 4.635007 K0.01Na0.33Ca0.65Al1.65Si2.35O8 51.6395 0 30.9096 0 0 0 13.4514 3.77444 0.22502 0 0
1250.00 960.00 5.826034 13.134765 -81661.760131 2.191241 7.046474 K0.01Na0.35Ca0.64Al1.64Si2.36O8 51.9874 0 30.6722 0 0 0 13.1743 3.927 0.239181 0 0
1250.00 950.00 7.736666 17.384006 -108507.925046 2.912047 9.350496 K0.01Na0.36Ca0.63Al1.63Si2.37O8 52.3307 0 30.4376 0 0 0 12.9007 4.07709 0.253995 0 0
1250.00 940.00 9.565967 21.420996 -134245.271294 3.603233 11.552846 K0.02Na0.37Ca0.61Al1.61Si2.39O8 52.6682 0 30.2067 0 0 0 12.6315 4.22413 0.269448 0 0
1250.00 930.00 11.318018 25.255875 -158929.258593 4.266218 13.658636 K0.02Na0.38Ca0.60Al1.60Si2.40O8 52.999 0 29.9803 0 0 0 12.3675 4.36766 0.285526 0 0
1250.00 920.00 13.213163 29.382781 -185648.471953 4.984540 15.934522 K0.02Na0.40Ca0.59Al1.59Si2.41O8 53.3598 0 29.733 0 0 0 12.0793 4.52334 0.30458 0 0
1250.00 910.00 16.534078 36.664155 -232393.503745 6.246719 19.931717 K0.02Na0.42Ca0.56Al1.56Si2.44O8 53.9679 0 29.3149 0 0 0 11.5924 4.78221 0.342615 0 0
1250.00 900.00 19.614998 43.364356 -275804.484166 7.420861 23.635537 K0.02Na0.44Ca0.54Al1.54Si2.46O8 54.5286 0 28.9282 0 0 0 11.1425 5.01787 0.382874 0 0
1250.00 890.00 22.446797 49.463966 -315752.740702 8.502618 27.034897 K0.02Na0.46Ca0.52Al1.52Si2.48O8 55.0398 0 28.5744 0 0 0 10.7314 5.22959 0.424861 0 0
1250.00 880.00 25.028676 54.963151 -352226.019894 9.490899 30.128989 K0.03Na0.47Ca0.50Al1.50Si2.50O8 55.5017 0 28.2535 0 0 0 10.3589 5.41782 0.468058 0 0
1250.00 870.00 27.367240 59.879347 -385315.511448 10.387552 32.926173 K0.03Na0.49Ca0.48Al1.48Si2.52O8 55.9164 0 27.9644 0 0 0 10.0236 5.58376 0.511962 0 0
1250.00 860.00 29.474723 64.243017 -415191.126785 11.196702 35.441837 K0.03Na0.50Ca0.47Al1.47Si2.53O8 56.2868 0 27.7049 0 0 0 9.72312 5.72906 0.556112 0 0
1250.00 850.00 31.367047 68.093039 -442074.271527 11.924004 37.696034 K0.03Na0.51Ca0.46Al1.46Si2.54O8 56.6164 0 27.473 0 0 0 9.45482 5.85564 0.600115 0 0

water thermodynamic data and composition:
Pressure Temperature mass S H V Cp formula
1250.00 920.00 0.021777 0.212352 -259.704592 0.090418 0.073196 H2O
1250.00 910.00 0.197730 1.922518 -2364.754528 0.810141 0.668927 H2O
1250.00 900.00 0.363478 3.523607 -4359.360058 1.469175 1.238044 H2O
1250.00 890.00 0.517970 5.006121 -6229.964362 2.064827 1.776895 H2O
1250.00 880.00 0.660618 6.365160 -7968.436102 2.596476 2.283287 H2O
1250.00 870.00 0.791295 7.600343 -9572.135047 3.065440 2.756526 H2O
1250.00 860.00 0.910266 8.715073 -11043.137910 3.474586 3.197221 H2O
1250.00 850.00 1.018086 9.715533 -12387.101631 3.827844 3.606983 H2O
