Title:  REF

System Thermodynamic Data:
Pressure Temperature mass F phi S H V dVdP*10^6 dVdT*10^6 Cp logfO2(absolute) logfO2(absolute) rhol rhos viscosity aH2O chisqr
1250.00 1050.00 100.010001 1.0000000000000000 1.000000 274.780645 -1279904.890191 42.647949 -661.633327 5595.272521 143.054815 -7.868 -7.868 2.345013 0.000000 3.914 0.766719 0.000
1250.00 1040.00 100.010001 1.0000000000000000 1.000000 273.679424 -1281356.457998 42.592056 -658.779224 5583.239428 143.013405 -8.065 -8.065 2.348090 0.000000 3.982 0.76453 0.000
1250.00 1030.00 100.010001 0.9986216946619493 0.998987 272.537748 -1282849.814651 42.529745 -655.745445 5569.123277 142.919336 -8.251 -8.251 2.350672 3.198447 4.054 0.763118 0.000
1250.00 1020.00 100.010001 0.9935673320926542 0.995266 271.302417 -1284453.459359 42.450212 -652.224516 5549.766303 142.686341 -8.398 -8.398 2.351916 3.201011 4.137 0.763753 0.000
1250.00 1010.00 100.010001 0.9784008437288894 0.982732 269.836344 -1286341.258140 42.354234 -646.706560 5517.635305 142.191515 -8.538 -8.538 2.350869 2.953485 4.212 0.776244 0.000
1250.00 1000.00 100.010001 0.9473529948172870 0.956232 268.016845 -1288666.895890 42.232596 -637.991374 5465.704592 141.289903 -8.663 -8.663 2.346088 2.848458 4.272 0.808918 0.000
1250.00 990.00 100.010001 0.9184503033156951 0.931368 266.247825 -1290910.317698 42.116476 -629.603408 5416.458602 140.451206 -8.789 -8.789 2.341672 2.821527 4.330 0.841322 0.000
1250.00 980.00 100.010001 0.8914386419626622 0.907950 264.522665 -1293080.860896 42.005184 -621.502687 5369.564519 139.667923 -8.916 -8.916 2.337600 2.807956 4.386 0.873488 0.000
1250.00 970.00 100.010001 0.8661038017238657 0.885818 262.835721 -1295186.450511 41.898142 -613.655937 5324.739901 138.933672 -9.044 -9.044 2.333857 2.799101 4.440 0.905441 0.000
1250.00 960.00 100.010001 0.8422647366932920 0.864837 261.182154 -1297233.840798 41.794869 -606.035482 5281.744108 138.243000 -9.174 -9.174 2.330425 2.792479 4.492 0.937201 0.000
1250.00 950.00 100.010001 0.8197679866553461 0.844891 259.557801 -1299228.812429 41.694957 -598.618312 5240.371363 137.591228 -9.306 -9.306 2.327288 2.787114 4.542 0.968778 0.000
1250.00 940.00 100.010001 0.7983902554649827 0.825726 257.957470 -1301178.267363 41.600547 -594.238628 5204.216402 136.972991 -9.440 -9.440 2.324468 2.781145 4.591 1 0.000
1250.00 930.00 100.010001 0.7892218477170904 0.823356 256.018899 -1303559.553763 41.365849 -591.913493 5164.617147 136.034239 -9.783 -9.783 2.317464 2.884884 4.796 0.998834 0.000
1250.00 920.00 100.010001 0.7529346413384964 0.777810 254.183106 -1305759.089759 41.700276 -1076.556883 5806.855786 135.281677 -9.900 -9.900 2.321605 2.666808 4.935 1 0.000
1250.00 910.00 100.010001 0.7180401318921704 0.734519 252.377109 -1307904.918570 42.020315 -1546.492073 6462.339635 134.586708 -10.017 -10.017 2.326642 2.527776 5.081 1 0.000
1250.00 900.00 100.010001 0.6853907935569850 0.694732 250.612012 -1309984.502430 42.305456 -1977.789470 7096.724988 133.954453 -10.135 -10.135 2.332212 2.436337 5.229 1 0.000
1250.00 890.00 100.010001 0.6550877487546288 0.658444 248.887677 -1311998.818069 42.554262 -2368.090969 7704.382732 133.381354 -10.255 -10.255 2.338196 2.373270 5.382 1 0.000
1250.00 880.00 100.010001 0.6271753528328015 0.625583 247.203300 -1313949.611831 42.766388 -2716.272748 8281.036353 132.863589 -10.375 -10.375 2.344472 2.328572 5.537 1 0.000
1250.00 870.00 100.010001 0.6016350712751111 0.596008 245.557231 -1315839.577525 42.942547 -3022.480576 8823.999940 132.397096 -10.497 -10.497 2.350915 2.296485 5.695 1 0.000
1250.00 860.00 100.010001 0.5783912034105558 0.569522 243.947012 -1317672.276929 43.084334 -3287.965746 9332.131219 131.977733 -10.619 -10.619 2.357411 2.273436 5.856 1 0.000
1250.00 850.00 100.010001 0.5573229456405470 0.545892 242.369551 -1319451.915390 43.193986 -3514.823872 9805.613947 131.601486 -10.741 -10.741 2.363854 2.257083 6.019 1 0.000

Title:  REF

Liquid Composition:
Pressure Temperature mass SiO2 TiO2 Al2O3 Fe2O3 FeO MgO CaO Na2O K2O P2O5 H2O 
1250.00 1050.00 100.010001 58.9441 0.839916 16.1884 3.06969 3.37966 3.05969 5.89941 3.15968 2.25977 0.19998 2.9997
1250.00 1040.00 100.010001 58.9441 0.839916 16.1884 3.06969 3.37966 3.05969 5.89941 3.15968 2.25977 0.19998 2.9997
1250.00 1030.00 99.872157 58.9481 0.840733 16.2078 3.07288 3.37578 3.01796 5.90581 3.16402 2.26289 0.200256 3.00384
1250.00 1020.00 99.366670 58.9631 0.843709 16.2792 3.08473 3.36078 2.86478 5.92896 3.18002 2.2744 0.201275 3.01912
1250.00 1010.00 97.849870 59.0673 0.855149 16.2162 3.12823 3.37317 2.70825 5.87198 3.20131 2.30809 0.204395 3.06592
1250.00 1000.00 94.744774 59.314 0.880978 15.9313 3.22569 3.43267 2.54442 5.68644 3.22781 2.37923 0.211093 3.1664
1250.00 990.00 91.854216 59.5473 0.906525 15.6499 3.32292 3.49203 2.39196 5.50878 3.24758 2.44922 0.217736 3.26604
1250.00 980.00 89.152780 59.7674 0.931847 15.3721 3.42002 3.55136 2.25005 5.33903 3.26069 2.51814 0.224334 3.36501
1250.00 970.00 86.619042 59.9744 0.956994 15.098 3.51709 3.61074 2.11787 5.17719 3.26722 2.58607 0.230896 3.46344
1250.00 960.00 84.234898 60.1688 0.982017 14.8275 3.61423 3.67025 1.9947 5.02318 3.26729 2.65307 0.237431 3.56147
1250.00 950.00 81.984998 60.3508 1.00696 14.5607 3.71151 3.7299 1.87986 4.87688 3.26107 2.71917 0.243947 3.65921
1250.00 940.00 79.847011 60.522 1.03199 14.2964 3.80944 3.79006 1.77252 4.73767 3.24863 2.78471 0.250479 3.75605
1250.00 930.00 78.930078 60.7238 0.866629 15.5216 3.73895 3.83319 1.56561 3.56269 3.31204 2.82137 0.253389 3.80083
1250.00 920.00 75.300995 61.0716 0.89418 15.1062 3.91955 3.96835 1.45519 3.37445 3.23545 2.93891 0.265601 3.77045
1250.00 910.00 71.811195 61.3992 0.921732 14.6977 4.11028 4.11312 1.35422 3.20169 3.13378 3.05917 0.278508 3.73057
1250.00 900.00 68.545934 61.6998 0.947184 14.3081 4.3059 4.26304 1.2624 3.04448 3.01178 3.17841 0.291775 3.68706
1250.00 890.00 65.515327 61.9758 0.969513 13.9395 4.50441 4.41615 1.17871 2.9013 2.87335 3.29507 0.305272 3.64091
1250.00 880.00 62.723808 62.23 0.987659 13.593 4.70369 4.57039 1.10222 2.77067 2.72268 3.40764 0.318858 3.59315
1250.00 870.00 60.169524 62.4659 1.00056 13.2688 4.9017 4.72373 1.03214 2.65121 2.56398 3.51483 0.332394 3.54477
1250.00 860.00 57.844905 62.687 1.00717 12.9664 5.09654 4.87436 0.96778 2.54162 2.40114 3.61559 0.345752 3.49664
1250.00 850.00 55.737869 62.897 1.00654 12.6846 5.28663 5.02075 0.908518 2.44082 2.23765 3.7092 0.358822 3.44951
Title:  REF

liquid_1 thermodynamic data and composition:
Pressure Temperature mass S H V Cp viscosity SiO2 TiO2 Al2O3 Fe2O3 FeO MgO CaO Na2O K2O P2O5 H2O Mg#
1250.00 1050.00 6.614440 14.774562 -39405.989164 1.710029 8.964920 -0.807 18.9489 1.13346 0.098497 37.9754 37.8245 3.29815 0.103711 0.45494 0.000310649 0.0102918 0.151828 13.5
1250.00 1040.00 6.689661 14.871962 -39958.296084 1.726356 9.067249 -0.788 18.9547 1.14262 0.0952299 37.945 37.8345 3.31786 0.101375 0.449416 0.000291434 0.0101278 0.148877 13.5
1250.00 1030.00 6.749726 14.931512 -40379.192729 1.738261 9.146510 -0.770 18.9365 1.15441 0.0917535 37.9618 37.8594 3.29632 0.0986544 0.445223 0.000271882 0.00992836 0.14579 13.4
1250.00 1020.00 6.770793 14.897365 -40449.480610 1.738844 9.166096 -0.757 18.8515 1.17349 0.0876229 38.112 37.921 3.1626 0.0948645 0.444728 0.000250084 0.00963525 0.142302 12.9
1250.00 1010.00 6.800623 14.882452 -40581.631144 1.741708 9.198287 -0.744 18.7601 1.21707 0.0823061 38.2608 37.9632 3.0357 0.0907327 0.440398 0.000231735 0.00943869 0.140004 12.5
1250.00 1000.00 6.844504 14.898361 -40811.139477 1.748166 9.250496 -0.732 18.6558 1.30404 0.0752054 38.4085 37.9751 2.91698 0.0860496 0.429226 0.000217547 0.00938466 0.139533 12.0
1250.00 990.00 6.883353 14.901945 -41016.929526 1.753312 9.296374 -0.720 18.5516 1.39518 0.068731 38.5558 37.9772 2.80405 0.0816722 0.417377 0.000204222 0.00932646 0.138888 11.6
1250.00 980.00 6.917839 14.894801 -41202.937422 1.757323 9.336818 -0.708 18.4475 1.49068 0.0628238 38.7026 37.9698 2.69658 0.0775858 0.404898 0.000191725 0.00926528 0.138082 11.2
1250.00 970.00 6.948518 14.878254 -41372.407126 1.760350 9.372570 -0.696 18.3434 1.59074 0.057431 38.8487 37.9534 2.59428 0.0737755 0.39184 0.00018002 0.00920212 0.13713 10.9
1250.00 960.00 6.975851 14.853408 -41528.021674 1.762515 9.404245 -0.684 18.2391 1.69558 0.0525054 38.994 37.9281 2.49686 0.0702269 0.37826 0.000169069 0.00913793 0.136043 10.5
1250.00 950.00 7.000227 14.821186 -41672.008096 1.763921 9.432355 -0.672 18.1347 1.80541 0.0480046 39.1384 37.8942 2.40404 0.0669257 0.364218 0.000158831 0.00907356 0.13483 10.2
1250.00 940.00 7.022063 14.782546 -41806.700936 1.764676 9.457446 -0.659 18.03 1.92063 0.0438861 39.282 37.8517 2.31546 0.0638588 0.349801 0.000149277 0.009012 0.133486 9.8
1250.00 930.00 6.933794 14.503230 -41127.241042 1.736421 9.311547 -0.629 18.1003 1.6886 0.0475811 39.0428 38.487 2.14382 0.0454322 0.3074 0.000121157 0.00852152 0.128416 9.0
1250.00 920.00 6.968116 14.487366 -41317.847284 1.740054 9.352443 -0.616 17.9936 1.78683 0.0428189 39.2071 38.4546 2.04439 0.0428968 0.294094 0.000113247 0.00875138 0.124814 8.7
1250.00 910.00 6.996442 14.457393 -41475.415787 1.742146 9.385686 -0.603 17.8869 1.88322 0.0384773 39.3747 38.4171 1.94975 0.0405856 0.279002 0.000105478 0.0089955 0.121167 8.3
1250.00 900.00 7.018038 14.412074 -41595.049138 1.742547 9.410234 -0.590 17.7822 1.9735 0.0345595 39.5436 38.3784 1.86006 0.03844 0.262411 9.77234e-05 0.00923017 0.117562 8.0
1250.00 890.00 7.033206 14.352283 -41677.844983 1.741354 9.426448 -0.576 17.6804 2.05525 0.031029 39.7133 38.3404 1.77492 0.036429 0.244777 8.99751e-05 0.00944714 0.114005 7.6
1250.00 880.00 7.042341 14.279079 -41725.521234 1.738691 9.434823 -0.562 17.5823 2.12605 0.0278496 39.8837 38.3047 1.69403 0.0345255 0.226577 8.22562e-05 0.00963813 0.1105 7.3
1250.00 870.00 7.045900 14.193630 -41740.206518 1.734694 9.435945 -0.547 17.4889 2.18357 0.0249861 40.0549 38.2727 1.61711 0.0327073 0.208272 7.46143e-05 0.00979533 0.107053 7.0
1250.00 860.00 7.044368 14.097130 -41724.196093 1.729503 9.430443 -0.532 17.4006 2.2256 0.0224047 40.227 38.2455 1.54397 0.0309561 0.190276 6.71128e-05 0.00991172 0.103668 6.7
1250.00 850.00 7.038232 13.990747 -41679.801169 1.723259 9.418955 -0.516 17.3183 2.25005 0.0200734 40.4004 38.2241 1.47443 0.0292582 0.172931 5.98234e-05 0.00998146 0.100347 6.4

liquid_0 thermodynamic data and composition:
Pressure Temperature mass S H V Cp viscosity SiO2 TiO2 Al2O3 Fe2O3 FeO MgO CaO Na2O K2O P2O5 H2O Mg#
1250.00 1050.00 93.395561 260.006083 -1240498.901027 40.937920 134.089895 3.914 61.7766 0.819127 17.3279 0.597608 0.940219 3.04281 6.30987 3.35124 2.41979 0.213414 3.20139 85.2
1250.00 1040.00 93.320340 258.807462 -1241398.161915 40.865701 133.946156 3.982 61.8107 0.818217 17.342 0.569662 0.909767 3.04119 6.31504 3.35397 2.42174 0.21359 3.20406 85.6
1250.00 1030.00 93.122431 257.289655 -1240625.672954 40.748387 133.597673 4.054 61.8482 0.817997 17.3759 0.54405 0.876329 2.99778 6.32672 3.36109 2.42689 0.214051 3.211 85.9
1250.00 1020.00 92.595877 254.934049 -1235392.995843 40.510391 132.704202 4.137 61.8961 0.819595 17.4631 0.523462 0.833663 2.84301 6.35556 3.38003 2.4407 0.215288 3.22948 85.9
1250.00 1010.00 91.049247 250.026561 -1216298.400767 39.881142 130.306577 4.212 62.0779 0.828117 17.4213 0.504116 0.789582 2.68379 6.3038 3.40753 2.48047 0.218956 3.28446 85.8
1250.00 1000.00 87.900271 241.142216 -1175381.923508 38.635982 125.553857 4.272 62.4799 0.848035 17.1659 0.48612 0.742966 2.51541 6.12252 3.44573 2.56448 0.2268 3.40209 85.8
1250.00 990.00 84.970863 232.858841 -1137313.580885 37.472607 121.141638 4.330 62.8683 0.86694 16.9121 0.468757 0.698443 2.35858 5.94842 3.47685 2.64761 0.234619 3.51937 85.8
1250.00 980.00 82.234940 225.105940 -1101753.440077 36.381268 117.029494 4.386 63.2433 0.884836 16.66 0.451946 0.655978 2.21248 5.78164 3.50093 2.72996 0.242426 3.63647 85.7
1250.00 970.00 79.670525 217.824124 -1068415.198641 35.353770 113.183308 4.440 63.6053 0.901721 16.4098 0.435621 0.61553 2.07632 5.62229 3.518 2.8116 0.250231 3.75355 85.7
1250.00 960.00 77.259046 210.963216 -1037057.124381 34.383214 109.574201 4.492 63.9547 0.917588 16.1616 0.419727 0.57705 1.94936 5.47039 3.52815 2.8926 0.258044 3.87076 85.8
1250.00 950.00 74.984770 204.480676 -1007474.571670 33.463772 106.177643 4.542 64.2919 0.932422 15.9155 0.404219 0.540484 1.83092 5.32592 3.53151 2.97301 0.265874 3.98823 85.8
1250.00 940.00 72.824947 198.310780 -979367.827900 32.585983 102.958069 4.591 64.6193 0.946303 15.6707 0.389039 0.505699 1.72017 5.18834 3.52815 3.05321 0.273762 4.10535 85.8
1250.00 930.00 71.996284 195.455631 -972860.668806 32.322401 101.512793 4.796 64.8287 0.787467 17.0118 0.338917 0.495763 1.50992 3.90143 3.60141 3.09307 0.276971 4.15451 84.4
1250.00 920.00 68.332879 184.515385 -924331.679353 30.694834 95.983534 4.935 65.4644 0.803154 16.6423 0.321164 0.451684 1.3951 3.71418 3.53539 3.23859 0.291792 4.14221 84.6
1250.00 910.00 64.814753 173.997901 -877682.912082 29.122590 90.692433 5.081 66.0962 0.817944 16.2801 0.303658 0.410171 1.28993 3.54291 3.44194 3.38938 0.307601 4.12019 84.9
1250.00 900.00 61.527896 164.167504 -834091.101269 27.648413 85.766621 5.229 66.7092 0.830119 15.9362 0.286597 0.371748 1.19423 3.38735 3.32538 3.54094 0.324003 4.09421 85.1
1250.00 890.00 58.482121 155.051562 -793698.446256 26.278248 81.216020 5.382 67.3029 0.83894 15.6122 0.270099 0.336337 1.10701 3.24583 3.18947 3.69133 0.340849 4.06507 85.4
1250.00 880.00 55.681467 146.659996 -756568.073039 25.015226 77.042348 5.537 67.8769 0.843681 15.3086 0.254282 0.303825 1.02737 3.11673 3.03838 3.83862 0.357967 4.03362 85.8
1250.00 870.00 53.123624 138.983885 -722676.231320 23.859390 73.238383 5.695 68.4313 0.843651 15.0254 0.239253 0.274064 0.954559 2.9985 2.87642 3.981 0.375181 4.00072 86.1
1250.00 860.00 50.800537 131.997479 -691920.552406 22.807973 69.788935 5.856 68.9667 0.838213 14.7613 0.225097 0.246882 0.887881 2.88977 2.70772 4.11694 0.392322 3.96714 86.5
1250.00 850.00 48.699637 125.661975 -664136.687244 21.855973 66.672691 6.019 69.4842 0.826819 14.5149 0.211872 0.222093 0.82673 2.78935 2.53605 4.24525 0.409238 3.93354 86.9

clinopyroxene_0 thermodynamic data and composition:
Pressure Temperature mass S H V Cp structure formula SiO2 TiO2 Al2O3 Fe2O3 FeO MgO CaO Na2O K2O P2O5 H2O
1250.00 930.00 7.206769 15.172503 -96070.392334 2.213008 8.372280 cpx Na0.02Ca0.88Fe''0.09Mg0.87Fe'''0.04Ti0.06Al0.21Si1.83O6 49.9402 2.04458 4.94031 1.47178 2.84952 15.997 22.4482 0.308337 0 0 0
1250.00 920.00 6.990095 14.641366 -93222.051774 2.143798 8.106425 cpx Na0.02Ca0.88Fe''0.09Mg0.87Fe'''0.04Ti0.06Al0.22Si1.82O6 49.7442 2.22707 5.00493 1.47252 2.84116 15.8747 22.5106 0.324762 0 0 0
1250.00 910.00 6.823707 14.219017 -91040.723925 2.090052 7.899400 cpx Na0.02Ca0.89Fe''0.09Mg0.86Fe'''0.04Ti0.07Al0.22Si1.82O6 49.5313 2.41988 5.08202 1.47453 2.83157 15.7477 22.5718 0.341259 0 0 0
1250.00 900.00 6.719067 13.927612 -89680.569498 2.055214 7.764124 cpx Na0.03Ca0.89Fe''0.09Mg0.85Fe'''0.04Ti0.07Al0.22Si1.81O6 49.2988 2.62333 5.17519 1.47759 2.82085 15.6146 22.6322 0.357538 0 0 0
1250.00 890.00 6.669425 13.751232 -89052.554113 2.037147 7.692427 cpx Na0.03Ca0.89Fe''0.09Mg0.85Fe'''0.04Ti0.08Al0.23Si1.80O6 49.0456 2.83771 5.28566 1.48147 2.8092 15.4751 22.6917 0.373496 0 0 0
1250.00 880.00 6.666501 13.671065 -89046.918932 2.033247 7.674407 cpx Na0.03Ca0.90Fe''0.09Mg0.84Fe'''0.04Ti0.08Al0.23Si1.79O6 48.77 3.06391 5.4151 1.48609 2.79669 15.3287 22.7505 0.389054 0 0 0
1250.00 870.00 6.701507 13.667587 -89546.807825 2.040757 7.699623 cpx Na0.03Ca0.90Fe''0.09Mg0.83Fe'''0.04Ti0.09Al0.24Si1.78O6 48.4692 3.30353 5.56571 1.49141 2.78324 15.1743 22.8085 0.404158 0 0 0
1250.00 860.00 6.765914 13.722156 -90438.545198 2.057006 7.757989 cpx Na0.03Ca0.90Fe''0.09Mg0.82Fe'''0.04Ti0.10Al0.25Si1.77O6 48.1394 3.5588 5.74017 1.49748 2.76872 15.0108 22.8658 0.418769 0 0 0
1250.00 850.00 6.851928 13.817957 -91618.044929 2.079553 7.840323 cpx Na0.03Ca0.90Fe''0.08Mg0.81Fe'''0.04Ti0.11Al0.26Si1.76O6 47.7768 3.8322 5.94138 1.50435 2.75297 14.837 22.9224 0.432841 0 0 0

water thermodynamic data and composition:
Pressure Temperature mass S H V Cp formula
1250.00 940.00 0.000909 0.008914 -10.778898 0.003873 0.003019 H2O
1250.00 920.00 0.160810 1.568114 -1917.789901 0.667692 0.540517 H2O
1250.00 910.00 0.321030 3.121368 -3839.374896 1.315331 1.086059 H2O
1250.00 900.00 0.472670 4.582133 -5668.955627 1.910530 1.609965 H2O
1250.00 890.00 0.614645 5.940481 -7392.747068 2.450214 2.108541 H2O
1250.00 880.00 0.746238 7.190122 -9001.192593 2.932994 2.579214 H2O
1250.00 870.00 0.867129 8.328718 -10489.475497 3.359214 3.020696 H2O
1250.00 860.00 0.977370 9.357539 -11857.225408 3.730728 3.432916 H2O
1250.00 850.00 1.077317 10.280771 -13107.768907 4.050544 3.816833 H2O

feldspar_0 thermodynamic data and composition:
Pressure Temperature mass S H V Cp formula SiO2 TiO2 Al2O3 Fe2O3 FeO MgO CaO Na2O K2O P2O5 H2O
1250.00 1010.00 0.920011 2.104392 -12860.337948 0.344252 1.116165 K0.01Na0.26Ca0.73Al1.73Si2.27O8 49.8163 0 32.1508 0 0 0 14.9008 2.96551 0.166551 0 0
1250.00 1000.00 3.298601 7.519761 -46140.630466 1.234896 3.998529 K0.01Na0.27Ca0.72Al1.72Si2.28O8 50.0655 0 31.9809 0 0 0 14.7025 3.0752 0.175955 0 0
1250.00 990.00 5.538792 12.583799 -77528.603349 2.074601 6.708398 K0.01Na0.28Ca0.71Al1.71Si2.29O8 50.3166 0 31.8096 0 0 0 14.5025 3.18559 0.185765 0 0
1250.00 980.00 7.656322 17.334814 -107240.580918 2.869186 9.265206 K0.01Na0.29Ca0.70Al1.70Si2.30O8 50.5686 0 31.6375 0 0 0 14.3017 3.29617 0.195984 0 0
1250.00 970.00 9.664365 21.804825 -135457.647783 3.623511 11.685219 K0.01Na0.30Ca0.69Al1.69Si2.31O8 50.8206 0 31.4654 0 0 0 14.101 3.40646 0.206615 0 0
1250.00 960.00 11.573955 26.020625 -162331.491970 4.341635 13.982067 K0.01Na0.31Ca0.68Al1.68Si2.32O8 51.0714 0 31.294 0 0 0 13.901 3.51597 0.217654 0 0
1250.00 950.00 13.394350 30.004667 -187989.310159 5.026954 16.167191 K0.01Na0.32Ca0.67Al1.67Si2.33O8 51.3201 0 31.1239 0 0 0 13.7027 3.62425 0.229099 0 0
1250.00 940.00 15.140783 33.792644 -212642.349008 5.685135 18.259249 K0.01Na0.33Ca0.66Al1.66Si2.34O8 51.5675 0 30.9546 0 0 0 13.5053 3.73167 0.241028 0 0
1250.00 930.00 11.827396 26.401207 -166074.092721 4.459641 14.275852 K0.02Na0.39Ca0.60Al1.60Si2.40O8 53.112 0 29.9055 0 0 0 12.2794 4.42332 0.279808 0 0
1250.00 920.00 14.951346 33.282667 -210018.503323 5.646070 18.039455 K0.02Na0.41Ca0.57Al1.57Si2.43O8 53.7208 0 29.4877 0 0 0 11.7926 4.68472 0.314148 0 0
1250.00 910.00 17.960737 39.865377 -252388.336004 6.792174 21.661391 K0.02Na0.43Ca0.55Al1.55Si2.45O8 54.3012 0 29.0883 0 0 0 11.3277 4.93104 0.351746 0 0
1250.00 900.00 20.770043 45.957391 -291984.081835 7.864745 25.038025 K0.02Na0.45Ca0.53Al1.53Si2.47O8 54.8369 0 28.7185 0 0 0 10.8977 5.15535 0.391569 0 0
1250.00 890.00 23.366851 51.531933 -328630.819992 8.858334 28.154355 K0.02Na0.47Ca0.51Al1.51Si2.49O8 55.3259 0 28.3798 0 0 0 10.5041 5.35705 0.433197 0 0
1250.00 880.00 25.745556 56.578403 -362248.629883 9.770153 31.003811 K0.03Na0.48Ca0.49Al1.49Si2.51O8 55.7686 0 28.0719 0 0 0 10.1468 5.53649 0.476185 0 0
1250.00 870.00 27.907343 61.102119 -392852.420573 10.600096 33.588247 K0.03Na0.50Ca0.47Al1.47Si2.53O8 56.1666 0 27.794 0 0 0 9.82462 5.69471 0.520096 0 0
1250.00 860.00 29.859227 65.121891 -420538.531743 11.350383 35.916768 K0.03Na0.51Ca0.46Al1.46Si2.54O8 56.5226 0 27.5442 0 0 0 9.53546 5.83321 0.564534 0 0
1250.00 850.00 31.612673 68.666678 -445465.561468 12.025037 38.004068 K0.03Na0.52Ca0.45Al1.45Si2.55O8 56.84 0 27.3204 0 0 0 9.27677 5.9537 0.609166 0 0

orthopyroxene_0 thermodynamic data and composition:
Pressure Temperature mass S H V Cp structure formula SiO2 TiO2 Al2O3 Fe2O3 FeO MgO CaO Na2O K2O P2O5 H2O
1250.00 1030.00 0.137844 0.316581 -1844.948967 0.043097 0.175153 opx Na0.00Ca0.05Fe''0.18Mg1.72Fe'''0.02Ti0.01Al0.09Si1.94O6 56.0598 0.247905 2.15362 0.762461 6.19284 33.3004 1.26532 0.0176444 0 0 0
1250.00 1020.00 0.643331 1.471003 -8610.982906 0.200977 0.816042 opx Na0.00Ca0.05Fe''0.18Mg1.71Fe'''0.02Ti0.01Al0.09Si1.94O6 56.0173 0.254021 2.16621 0.747655 6.29655 33.165 1.33485 0.0183906 0 0 0
1250.00 1010.00 1.240121 2.822938 -16600.888281 0.387132 1.570487 opx Na0.00Ca0.05Fe''0.19Mg1.71Fe'''0.02Ti0.01Al0.09Si1.94O6 55.998 0.261079 2.14899 0.72829 6.39898 33.0601 1.38553 0.0190075 0 0 0
1250.00 1000.00 1.966626 4.456506 -26333.202440 0.613552 2.487021 opx Na0.00Ca0.05Fe''0.19Mg1.71Fe'''0.02Ti0.01Al0.09Si1.94O6 56.0155 0.2705 2.08692 0.703166 6.49459 33.0159 1.39419 0.0193324 0 0 0
1250.00 990.00 2.616993 5.903240 -35051.203938 0.815956 3.304795 opx Na0.00Ca0.05Fe''0.19Mg1.70Fe'''0.02Ti0.01Al0.08Si1.94O6 56.0319 0.279644 2.02717 0.678709 6.58866 32.9722 1.40211 0.0196495 0 0 0
1250.00 980.00 3.200899 7.187111 -42883.902479 0.997407 4.036404 opx Na0.00Ca0.05Fe''0.19Mg1.70Fe'''0.02Ti0.01Al0.08Si1.94O6 56.0475 0.288439 1.96942 0.654813 6.68143 32.9289 1.40956 0.0199582 0 0 0
1250.00 970.00 3.726594 8.328517 -49941.196960 1.160511 4.692574 opx Na0.00Ca0.05Fe''0.20Mg1.70Fe'''0.02Ti0.01Al0.08Si1.95O6 56.0625 0.296806 1.91334 0.631386 6.77315 32.8858 1.4168 0.0202578 0 0 0
1250.00 960.00 4.201149 9.344905 -56317.202773 1.307505 5.282487 opx Na0.00Ca0.05Fe''0.20Mg1.70Fe'''0.02Ti0.01Al0.08Si1.95O6 56.0771 0.304657 1.85863 0.608345 6.86409 32.8425 1.4241 0.0205478 0 0 0
1250.00 950.00 4.630654 10.251272 -62092.922504 1.440311 5.814040 opx Na0.00Ca0.05Fe''0.20Mg1.70Fe'''0.02Ti0.01Al0.07Si1.95O6 56.0915 0.311894 1.80502 0.585618 6.95455 32.7988 1.43175 0.0208277 0 0 0
1250.00 940.00 5.021298 11.062587 -67350.610621 1.560880 6.295209 opx Na0.00Ca0.05Fe''0.20Mg1.70Fe'''0.01Ti0.01Al0.07Si1.95O6 56.1059 0.318387 1.75207 0.563124 7.04502 32.7544 1.44002 0.0210988 0 0 0
1250.00 930.00 2.045758 4.486328 -27427.158860 0.634378 2.561767 opx Na0.00Ca0.03Fe''0.21Mg1.70Fe'''0.02Ti0.01Al0.09Si1.94O6 55.7177 0.421407 2.23635 0.624426 7.2883 32.8189 0.872454 0.0204992 0 0 0
1250.00 920.00 2.606756 5.688209 -34951.218124 0.807829 3.259303 opx Na0.00Ca0.03Fe''0.22Mg1.70Fe'''0.02Ti0.01Al0.09Si1.94O6 55.7515 0.421948 2.15562 0.598913 7.41111 32.783 0.857045 0.0209161 0 0 0
1250.00 910.00 3.093332 6.716053 -41478.155875 0.958021 3.861739 opx Na0.00Ca0.03Fe''0.22Mg1.70Fe'''0.02Ti0.01Al0.08Si1.94O6 55.7884 0.419216 2.07351 0.573445 7.53561 32.7461 0.842479 0.0212509 0 0 0
1250.00 900.00 3.502288 7.565297 -46964.745063 1.084008 4.365483 opx Na0.00Ca0.03Fe''0.22Mg1.70Fe'''0.01Ti0.01Al0.08Si1.94O6 55.8268 0.41347 1.99222 0.548247 7.6615 32.7078 0.828515 0.0214846 0 0 0
1250.00 890.00 3.843753 8.260187 -51546.405658 1.188965 4.783562 opx Na0.00Ca0.03Fe''0.23Mg1.69Fe'''0.01Ti0.01Al0.08Si1.94O6 55.8663 0.40485 1.91213 0.52337 7.78896 32.6677 0.815145 0.0216145 0 0 0
1250.00 880.00 4.127898 8.824635 -55359.276150 1.276077 5.128984 opx Na0.00Ca0.03Fe''0.23Mg1.69Fe'''0.01Ti0.01Al0.08Si1.95O6 55.9064 0.393587 1.83355 0.498884 7.9178 32.6258 0.802332 0.0216414 0 0 0
1250.00 870.00 4.364498 9.281292 -58534.435792 1.348396 5.414201 opx Na0.00Ca0.03Fe''0.23Mg1.69Fe'''0.01Ti0.01Al0.07Si1.95O6 55.947 0.379956 1.75674 0.474859 8.04752 32.5824 0.790035 0.0215689 0 0 0
1250.00 860.00 4.562586 9.650817 -61193.226081 1.408740 5.650680 opx Na0.00Ca0.03Fe''0.24Mg1.69Fe'''0.01Ti0.01Al0.07Si1.95O6 55.9878 0.364232 1.68178 0.451359 8.17737 32.5379 0.778225 0.021403 0 0 0
1250.00 850.00 4.730214 9.951424 -63444.051674 1.459620 5.848617 opx Na0.00Ca0.03Fe''0.24Mg1.69Fe'''0.01Ti0.01Al0.07Si1.95O6 56.0288 0.346668 1.60866 0.428431 8.30635 32.493 0.766904 0.0211512 0 0 0

Title:  REF

Phase Masses:
Pressure Temperature mass liquid_0 liquid_1 orthopyroxene_0 clinopyroxene_0 feldspar_0 water 
1250.00 1050.00 100.010001 93.395561 6.614440 0.000000 0.000000 0.000000 0.000000 
1250.00 1040.00 100.010001 93.320340 6.689661 0.000000 0.000000 0.000000 0.000000 
1250.00 1030.00 100.010001 93.122431 6.749726 0.137844 0.000000 0.000000 0.000000 
1250.00 1020.00 100.010001 92.595877 6.770793 0.643331 0.000000 0.000000 0.000000 
1250.00 1010.00 100.010001 91.049247 6.800623 1.240121 0.000000 0.920011 0.000000 
1250.00 1000.00 100.010001 87.900271 6.844504 1.966626 0.000000 3.298601 0.000000 
1250.00 990.00 100.010001 84.970863 6.883353 2.616993 0.000000 5.538792 0.000000 
1250.00 980.00 100.010001 82.234940 6.917839 3.200899 0.000000 7.656322 0.000000 
1250.00 970.00 100.010001 79.670525 6.948518 3.726594 0.000000 9.664365 0.000000 
1250.00 960.00 100.010001 77.259046 6.975851 4.201149 0.000000 11.573955 0.000000 
1250.00 950.00 100.010001 74.984770 7.000227 4.630654 0.000000 13.394350 0.000000 
1250.00 940.00 100.010001 72.824947 7.022063 5.021298 0.000000 15.140783 0.000909 
1250.00 930.00 100.010001 71.996284 6.933794 2.045758 7.206769 11.827396 0.000000 
1250.00 920.00 100.010001 68.332879 6.968116 2.606756 6.990095 14.951346 0.160810 
1250.00 910.00 100.010001 64.814753 6.996442 3.093332 6.823707 17.960737 0.321030 
1250.00 900.00 100.010001 61.527896 7.018038 3.502288 6.719067 20.770043 0.472670 
1250.00 890.00 100.010001 58.482121 7.033206 3.843753 6.669425 23.366851 0.614645 
1250.00 880.00 100.010001 55.681467 7.042341 4.127898 6.666501 25.745556 0.746238 
1250.00 870.00 100.010001 53.123624 7.045900 4.364498 6.701507 27.907343 0.867129 
1250.00 860.00 100.010001 50.800537 7.044368 4.562586 6.765914 29.859227 0.977370 
1250.00 850.00 100.010001 48.699637 7.038232 4.730214 6.851928 31.612673 1.077317 

Title:  REF

Phase Volumes:
Pressure Temperature mass V liquid_0 liquid_1 orthopyroxene_0 clinopyroxene_0 feldspar_0 water 
1250.00 1050.00 100.010001 42.647949 40.937920 1.710029 0.000000 0.000000 0.000000 0.000000 
1250.00 1040.00 100.010001 42.592056 40.865701 1.726356 0.000000 0.000000 0.000000 0.000000 
1250.00 1030.00 100.010001 42.529745 40.748387 1.738261 0.043097 0.000000 0.000000 0.000000 
1250.00 1020.00 100.010001 42.450212 40.510391 1.738844 0.200977 0.000000 0.000000 0.000000 
1250.00 1010.00 100.010001 42.354234 39.881142 1.741708 0.387132 0.000000 0.344252 0.000000 
1250.00 1000.00 100.010001 42.232596 38.635982 1.748166 0.613552 0.000000 1.234896 0.000000 
1250.00 990.00 100.010001 42.116476 37.472607 1.753312 0.815956 0.000000 2.074601 0.000000 
1250.00 980.00 100.010001 42.005184 36.381268 1.757323 0.997407 0.000000 2.869186 0.000000 
1250.00 970.00 100.010001 41.898142 35.353770 1.760350 1.160511 0.000000 3.623511 0.000000 
1250.00 960.00 100.010001 41.794869 34.383214 1.762515 1.307505 0.000000 4.341635 0.000000 
1250.00 950.00 100.010001 41.694957 33.463772 1.763921 1.440311 0.000000 5.026954 0.000000 
1250.00 940.00 100.010001 41.600547 32.585983 1.764676 1.560880 0.000000 5.685135 0.003873 
1250.00 930.00 100.010001 41.365849 32.322401 1.736421 0.634378 2.213008 4.459641 0.000000 
1250.00 920.00 100.010001 41.700276 30.694834 1.740054 0.807829 2.143798 5.646070 0.667692 
1250.00 910.00 100.010001 42.020315 29.122590 1.742146 0.958021 2.090052 6.792174 1.315331 
1250.00 900.00 100.010001 42.305456 27.648413 1.742547 1.084008 2.055214 7.864745 1.910530 
1250.00 890.00 100.010001 42.554262 26.278248 1.741354 1.188965 2.037147 8.858334 2.450214 
1250.00 880.00 100.010001 42.766388 25.015226 1.738691 1.276077 2.033247 9.770153 2.932994 
1250.00 870.00 100.010001 42.942547 23.859390 1.734694 1.348396 2.040757 10.600096 3.359214 
1250.00 860.00 100.010001 43.084334 22.807973 1.729503 1.408740 2.057006 11.350383 3.730728 
1250.00 850.00 100.010001 43.193986 21.855973 1.723259 1.459620 2.079553 12.025037 4.050544 

Title:  REF

Solid Composition:
Pressure Temperature mass SiO2 TiO2 Al2O3 Fe2O3 FeO MgO CaO Na2O K2O P2O5 H2O 
1250.00 1050.00 0.000000 ---
1250.00 1040.00 0.000000 ---
1250.00 1030.00 0.137844 56.0598 0.247905 2.15362 0.762461 6.19284 33.3004 1.26532 0.0176444 5.29924e-12 7.56222e-14 7.67997e-13
1250.00 1020.00 0.643331 56.0173 0.254021 2.16621 0.747655 6.29655 33.165 1.33485 0.0183906 -5.08033e-14 -1.24816e-12 1.55448e-13
1250.00 1010.00 2.160132 53.3652 0.149884 14.9269 0.418108 3.67362 18.9796 7.14174 1.27394 0.070935 3.86332e-14 0
1250.00 1000.00 5.265227 52.2879 0.101035 20.8151 0.262641 2.42581 12.3318 9.73167 1.9338 0.110234 -8.63347e-14 -4.52577e-15
1250.00 990.00 8.155785 52.1505 0.0897309 22.2531 0.217781 2.11414 10.58 10.2989 2.16972 0.126157 1.02323e-14 0
1250.00 980.00 10.857222 52.1839 0.0850369 22.8908 0.19305 1.9698 9.70802 10.5009 2.33029 0.138205 1.67581e-14 9.21087e-15
1250.00 970.00 13.390959 52.2794 0.0825988 23.2413 0.17571 1.88491 9.15184 10.5711 2.46411 0.149116 -2.0437e-14 -1.96912e-15
1250.00 960.00 15.775104 52.4045 0.0811347 23.4549 0.162012 1.82801 8.74646 10.5782 2.58509 0.15969 -7.19709e-15 1.58485e-15
1250.00 950.00 18.025004 52.5459 0.0801262 23.5918 0.150446 1.78664 8.42608 10.5503 2.69853 0.170243 1.15949e-14 6.21994e-15
1250.00 940.00 20.162991 52.6954 0.0792895 23.6807 0.140238 1.75446 8.157 10.5 2.80744 0.180992 -5.63085e-15 0.00450787
1250.00 930.00 21.079923 52.2805 0.739893 18.6852 0.56377 1.6815 8.65404 14.6489 2.58921 0.156993 2.73197e-14 4.74406e-15
1250.00 920.00 24.709007 52.4605 0.674546 19.4862 0.479756 1.58561 7.94945 13.5943 2.92879 0.19009 -8.58151e-15 0.650815
1250.00 910.00 28.198807 52.6919 0.631563 19.9845 0.419721 1.51184 7.40286 12.7694 3.22565 0.224039 -2.88227e-16 1.13845
1250.00 900.00 31.464067 52.9406 0.606228 20.2846 0.37656 1.45519 6.97517 12.119 3.48189 0.258482 1.78738e-14 1.50225
1250.00 890.00 34.494675 53.186 0.593773 20.4596 0.344757 1.41108 6.63223 11.5937 3.70351 0.29345 1.35465e-14 1.78186
1250.00 880.00 37.286193 53.4164 0.591378 20.5544 0.320932 1.3766 6.35261 11.1627 3.89482 0.328799 -5.68587e-15 2.00138
1250.00 870.00 39.840477 53.6253 0.597306 20.5977 0.302888 1.34977 6.12182 10.805 4.05936 0.364315 7.03969e-15 2.1765
1250.00 860.00 42.165096 53.8094 0.610466 20.6085 0.28913 1.32913 5.92952 10.5058 4.2003 0.399775 -4.88168e-15 2.31796
1250.00 850.00 44.272133 53.9675 0.630144 20.5996 0.278602 1.31356 5.76799 10.2537 4.32051 0.434977 1.21557e-15 2.4334
Title:  REF

Bulk Composition:
Pressure Temperature mass SiO2 TiO2 Al2O3 Fe2O3 FeO MgO CaO Na2O K2O P2O5 H2O 
1250.00 1050.00 100.010001 58.9441 0.839916 16.1884 3.06969 3.37966 3.05969 5.89941 3.15968 2.25977 0.19998 2.9997
1250.00 1040.00 100.010001 58.9441 0.839916 16.1884 3.06969 3.37966 3.05969 5.89941 3.15968 2.25977 0.19998 2.9997
1250.00 1030.00 100.010001 58.9441 0.839916 16.1884 3.06969 3.37966 3.05969 5.89941 3.15968 2.25977 0.19998 2.9997
1250.00 1020.00 100.010001 58.9441 0.839916 16.1884 3.06969 3.37966 3.05969 5.89941 3.15968 2.25977 0.19998 2.9997
1250.00 1010.00 100.010001 58.9441 0.839916 16.1884 3.06969 3.37966 3.05969 5.89941 3.15968 2.25977 0.19998 2.9997
1250.00 1000.00 100.010001 58.9441 0.839916 16.1884 3.06969 3.37966 3.05969 5.89941 3.15968 2.25977 0.19998 2.9997
1250.00 990.00 100.010001 58.9441 0.839916 16.1884 3.06969 3.37966 3.05969 5.89941 3.15968 2.25977 0.19998 2.9997
1250.00 980.00 100.010001 58.9441 0.839916 16.1884 3.06969 3.37966 3.05969 5.89941 3.15968 2.25977 0.19998 2.9997
1250.00 970.00 100.010001 58.9441 0.839916 16.1884 3.06969 3.37966 3.05969 5.89941 3.15968 2.25977 0.19998 2.9997
1250.00 960.00 100.010001 58.9441 0.839916 16.1884 3.06969 3.37966 3.05969 5.89941 3.15968 2.25977 0.19998 2.9997
1250.00 950.00 100.010001 58.9441 0.839916 16.1884 3.06969 3.37966 3.05969 5.89941 3.15968 2.25977 0.19998 2.9997
1250.00 940.00 100.010001 58.9441 0.839916 16.1884 3.06969 3.37966 3.05969 5.89941 3.15968 2.25977 0.19998 2.9997
1250.00 930.00 100.010001 58.9441 0.839916 16.1884 3.06969 3.37966 3.05969 5.89941 3.15968 2.25977 0.19998 2.9997
1250.00 920.00 100.010001 58.9441 0.839916 16.1884 3.06969 3.37966 3.05969 5.89941 3.15968 2.25977 0.19998 2.9997
1250.00 910.00 100.010001 58.9441 0.839916 16.1884 3.06969 3.37966 3.05969 5.89941 3.15968 2.25977 0.19998 2.9997
1250.00 900.00 100.010001 58.9441 0.839916 16.1884 3.06969 3.37966 3.05969 5.89941 3.15968 2.25977 0.19998 2.9997
1250.00 890.00 100.010001 58.9441 0.839916 16.1884 3.06969 3.37966 3.05969 5.89941 3.15968 2.25977 0.19998 2.9997
1250.00 880.00 100.010001 58.9441 0.839916 16.1884 3.06969 3.37966 3.05969 5.89941 3.15968 2.25977 0.19998 2.9997
1250.00 870.00 100.010001 58.9441 0.839916 16.1884 3.06969 3.37966 3.05969 5.89941 3.15968 2.25977 0.19998 2.9997
1250.00 860.00 100.010001 58.9441 0.839916 16.1884 3.06969 3.37966 3.05969 5.89941 3.15968 2.25977 0.19998 2.9997
1250.00 850.00 100.010001 58.9441 0.839916 16.1884 3.06969 3.37966 3.05969 5.89941 3.15968 2.25977 0.19998 2.9997
