Title:  REF

liquid_1 thermodynamic data and composition:
Pressure Temperature mass S H V Cp viscosity SiO2 TiO2 Al2O3 Fe2O3 FeO MgO CaO Na2O K2O P2O5 H2O Mg#
1250.00 1050.00 6.614440 14.774562 -39405.989164 1.710029 8.964920 -0.807 18.9489 1.13346 0.098497 37.9754 37.8245 3.29815 0.103711 0.45494 0.000310649 0.0102918 0.151828 13.5
1250.00 1040.00 6.689661 14.871962 -39958.296084 1.726356 9.067249 -0.788 18.9547 1.14262 0.0952299 37.945 37.8345 3.31786 0.101375 0.449416 0.000291434 0.0101278 0.148877 13.5
1250.00 1030.00 6.749726 14.931512 -40379.192729 1.738261 9.146510 -0.770 18.9365 1.15441 0.0917535 37.9618 37.8594 3.29632 0.0986544 0.445223 0.000271882 0.00992836 0.14579 13.4
1250.00 1020.00 6.770793 14.897365 -40449.480610 1.738844 9.166096 -0.757 18.8515 1.17349 0.0876229 38.112 37.921 3.1626 0.0948645 0.444728 0.000250084 0.00963525 0.142302 12.9
1250.00 1010.00 6.800623 14.882452 -40581.631144 1.741708 9.198287 -0.744 18.7601 1.21707 0.0823061 38.2608 37.9632 3.0357 0.0907327 0.440398 0.000231735 0.00943869 0.140004 12.5
1250.00 1000.00 6.844504 14.898361 -40811.139477 1.748166 9.250496 -0.732 18.6558 1.30404 0.0752054 38.4085 37.9751 2.91698 0.0860496 0.429226 0.000217547 0.00938466 0.139533 12.0
1250.00 990.00 6.883353 14.901945 -41016.929526 1.753312 9.296374 -0.720 18.5516 1.39518 0.068731 38.5558 37.9772 2.80405 0.0816722 0.417377 0.000204222 0.00932646 0.138888 11.6
1250.00 980.00 6.917839 14.894801 -41202.937422 1.757323 9.336818 -0.708 18.4475 1.49068 0.0628238 38.7026 37.9698 2.69658 0.0775858 0.404898 0.000191725 0.00926528 0.138082 11.2
1250.00 970.00 6.948518 14.878254 -41372.407126 1.760350 9.372570 -0.696 18.3434 1.59074 0.057431 38.8487 37.9534 2.59428 0.0737755 0.39184 0.00018002 0.00920212 0.13713 10.9
1250.00 960.00 6.975851 14.853408 -41528.021674 1.762515 9.404245 -0.684 18.2391 1.69558 0.0525054 38.994 37.9281 2.49686 0.0702269 0.37826 0.000169069 0.00913793 0.136043 10.5
1250.00 950.00 7.000227 14.821186 -41672.008096 1.763921 9.432355 -0.672 18.1347 1.80541 0.0480046 39.1384 37.8942 2.40404 0.0669257 0.364218 0.000158831 0.00907356 0.13483 10.2
1250.00 940.00 7.022063 14.782546 -41806.700936 1.764676 9.457446 -0.659 18.03 1.92063 0.0438861 39.282 37.8517 2.31546 0.0638588 0.349801 0.000149277 0.009012 0.133486 9.8
1250.00 930.00 6.933794 14.503230 -41127.241042 1.736421 9.311547 -0.629 18.1003 1.6886 0.0475811 39.0428 38.487 2.14382 0.0454322 0.3074 0.000121157 0.00852152 0.128416 9.0
1250.00 920.00 6.968116 14.487366 -41317.847284 1.740054 9.352443 -0.616 17.9936 1.78683 0.0428189 39.2071 38.4546 2.04439 0.0428968 0.294094 0.000113247 0.00875138 0.124814 8.7
1250.00 910.00 6.996442 14.457393 -41475.415787 1.742146 9.385686 -0.603 17.8869 1.88322 0.0384773 39.3747 38.4171 1.94975 0.0405856 0.279002 0.000105478 0.0089955 0.121167 8.3
1250.00 900.00 7.018038 14.412074 -41595.049138 1.742547 9.410234 -0.590 17.7822 1.9735 0.0345595 39.5436 38.3784 1.86006 0.03844 0.262411 9.77234e-05 0.00923017 0.117562 8.0
1250.00 890.00 7.033206 14.352283 -41677.844983 1.741354 9.426448 -0.576 17.6804 2.05525 0.031029 39.7133 38.3404 1.77492 0.036429 0.244777 8.99751e-05 0.00944714 0.114005 7.6
1250.00 880.00 7.042341 14.279079 -41725.521234 1.738691 9.434823 -0.562 17.5823 2.12605 0.0278496 39.8837 38.3047 1.69403 0.0345255 0.226577 8.22562e-05 0.00963813 0.1105 7.3
1250.00 870.00 7.045900 14.193630 -41740.206518 1.734694 9.435945 -0.547 17.4889 2.18357 0.0249861 40.0549 38.2727 1.61711 0.0327073 0.208272 7.46143e-05 0.00979533 0.107053 7.0
1250.00 860.00 7.044368 14.097130 -41724.196093 1.729503 9.430443 -0.532 17.4006 2.2256 0.0224047 40.227 38.2455 1.54397 0.0309561 0.190276 6.71128e-05 0.00991172 0.103668 6.7
1250.00 850.00 7.038232 13.990747 -41679.801169 1.723259 9.418955 -0.516 17.3183 2.25005 0.0200734 40.4004 38.2241 1.47443 0.0292582 0.172931 5.98234e-05 0.00998146 0.100347 6.4

liquid_0 thermodynamic data and composition:
Pressure Temperature mass S H V Cp viscosity SiO2 TiO2 Al2O3 Fe2O3 FeO MgO CaO Na2O K2O P2O5 H2O Mg#
1250.00 1050.00 93.395561 260.006083 -1240498.901027 40.937920 134.089895 3.914 61.7766 0.819127 17.3279 0.597608 0.940219 3.04281 6.30987 3.35124 2.41979 0.213414 3.20139 85.2
1250.00 1040.00 93.320340 258.807462 -1241398.161915 40.865701 133.946156 3.982 61.8107 0.818217 17.342 0.569662 0.909767 3.04119 6.31504 3.35397 2.42174 0.21359 3.20406 85.6
1250.00 1030.00 93.122431 257.289655 -1240625.672954 40.748387 133.597673 4.054 61.8482 0.817997 17.3759 0.54405 0.876329 2.99778 6.32672 3.36109 2.42689 0.214051 3.211 85.9
1250.00 1020.00 92.595877 254.934049 -1235392.995843 40.510391 132.704202 4.137 61.8961 0.819595 17.4631 0.523462 0.833663 2.84301 6.35556 3.38003 2.4407 0.215288 3.22948 85.9
1250.00 1010.00 91.049247 250.026561 -1216298.400767 39.881142 130.306577 4.212 62.0779 0.828117 17.4213 0.504116 0.789582 2.68379 6.3038 3.40753 2.48047 0.218956 3.28446 85.8
1250.00 1000.00 87.900271 241.142216 -1175381.923508 38.635982 125.553857 4.272 62.4799 0.848035 17.1659 0.48612 0.742966 2.51541 6.12252 3.44573 2.56448 0.2268 3.40209 85.8
1250.00 990.00 84.970863 232.858841 -1137313.580885 37.472607 121.141638 4.330 62.8683 0.86694 16.9121 0.468757 0.698443 2.35858 5.94842 3.47685 2.64761 0.234619 3.51937 85.8
1250.00 980.00 82.234940 225.105940 -1101753.440077 36.381268 117.029494 4.386 63.2433 0.884836 16.66 0.451946 0.655978 2.21248 5.78164 3.50093 2.72996 0.242426 3.63647 85.7
1250.00 970.00 79.670525 217.824124 -1068415.198641 35.353770 113.183308 4.440 63.6053 0.901721 16.4098 0.435621 0.61553 2.07632 5.62229 3.518 2.8116 0.250231 3.75355 85.7
1250.00 960.00 77.259046 210.963216 -1037057.124381 34.383214 109.574201 4.492 63.9547 0.917588 16.1616 0.419727 0.57705 1.94936 5.47039 3.52815 2.8926 0.258044 3.87076 85.8
1250.00 950.00 74.984770 204.480676 -1007474.571670 33.463772 106.177643 4.542 64.2919 0.932422 15.9155 0.404219 0.540484 1.83092 5.32592 3.53151 2.97301 0.265874 3.98823 85.8
1250.00 940.00 72.824947 198.310780 -979367.827900 32.585983 102.958069 4.591 64.6193 0.946303 15.6707 0.389039 0.505699 1.72017 5.18834 3.52815 3.05321 0.273762 4.10535 85.8
1250.00 930.00 71.996284 195.455631 -972860.668806 32.322401 101.512793 4.796 64.8287 0.787467 17.0118 0.338917 0.495763 1.50992 3.90143 3.60141 3.09307 0.276971 4.15451 84.4
1250.00 920.00 68.332879 184.515385 -924331.679353 30.694834 95.983534 4.935 65.4644 0.803154 16.6423 0.321164 0.451684 1.3951 3.71418 3.53539 3.23859 0.291792 4.14221 84.6
1250.00 910.00 64.814753 173.997901 -877682.912082 29.122590 90.692433 5.081 66.0962 0.817944 16.2801 0.303658 0.410171 1.28993 3.54291 3.44194 3.38938 0.307601 4.12019 84.9
1250.00 900.00 61.527896 164.167504 -834091.101269 27.648413 85.766621 5.229 66.7092 0.830119 15.9362 0.286597 0.371748 1.19423 3.38735 3.32538 3.54094 0.324003 4.09421 85.1
1250.00 890.00 58.482121 155.051562 -793698.446256 26.278248 81.216020 5.382 67.3029 0.83894 15.6122 0.270099 0.336337 1.10701 3.24583 3.18947 3.69133 0.340849 4.06507 85.4
1250.00 880.00 55.681467 146.659996 -756568.073039 25.015226 77.042348 5.537 67.8769 0.843681 15.3086 0.254282 0.303825 1.02737 3.11673 3.03838 3.83862 0.357967 4.03362 85.8
1250.00 870.00 53.123624 138.983885 -722676.231320 23.859390 73.238383 5.695 68.4313 0.843651 15.0254 0.239253 0.274064 0.954559 2.9985 2.87642 3.981 0.375181 4.00072 86.1
1250.00 860.00 50.800537 131.997479 -691920.552406 22.807973 69.788935 5.856 68.9667 0.838213 14.7613 0.225097 0.246882 0.887881 2.88977 2.70772 4.11694 0.392322 3.96714 86.5
1250.00 850.00 48.699637 125.661975 -664136.687244 21.855973 66.672691 6.019 69.4842 0.826819 14.5149 0.211872 0.222093 0.82673 2.78935 2.53605 4.24525 0.409238 3.93354 86.9

clinopyroxene_0 thermodynamic data and composition:
Pressure Temperature mass S H V Cp structure formula SiO2 TiO2 Al2O3 Fe2O3 FeO MgO CaO Na2O K2O P2O5 H2O
1250.00 930.00 7.206769 15.172503 -96070.392334 2.213008 8.372280 cpx Na0.02Ca0.88Fe''0.09Mg0.87Fe'''0.04Ti0.06Al0.21Si1.83O6 49.9402 2.04458 4.94031 1.47178 2.84952 15.997 22.4482 0.308337 0 0 0
1250.00 920.00 6.990095 14.641366 -93222.051774 2.143798 8.106425 cpx Na0.02Ca0.88Fe''0.09Mg0.87Fe'''0.04Ti0.06Al0.22Si1.82O6 49.7442 2.22707 5.00493 1.47252 2.84116 15.8747 22.5106 0.324762 0 0 0
1250.00 910.00 6.823707 14.219017 -91040.723925 2.090052 7.899400 cpx Na0.02Ca0.89Fe''0.09Mg0.86Fe'''0.04Ti0.07Al0.22Si1.82O6 49.5313 2.41988 5.08202 1.47453 2.83157 15.7477 22.5718 0.341259 0 0 0
1250.00 900.00 6.719067 13.927612 -89680.569498 2.055214 7.764124 cpx Na0.03Ca0.89Fe''0.09Mg0.85Fe'''0.04Ti0.07Al0.22Si1.81O6 49.2988 2.62333 5.17519 1.47759 2.82085 15.6146 22.6322 0.357538 0 0 0
1250.00 890.00 6.669425 13.751232 -89052.554113 2.037147 7.692427 cpx Na0.03Ca0.89Fe''0.09Mg0.85Fe'''0.04Ti0.08Al0.23Si1.80O6 49.0456 2.83771 5.28566 1.48147 2.8092 15.4751 22.6917 0.373496 0 0 0
1250.00 880.00 6.666501 13.671065 -89046.918932 2.033247 7.674407 cpx Na0.03Ca0.90Fe''0.09Mg0.84Fe'''0.04Ti0.08Al0.23Si1.79O6 48.77 3.06391 5.4151 1.48609 2.79669 15.3287 22.7505 0.389054 0 0 0
1250.00 870.00 6.701507 13.667587 -89546.807825 2.040757 7.699623 cpx Na0.03Ca0.90Fe''0.09Mg0.83Fe'''0.04Ti0.09Al0.24Si1.78O6 48.4692 3.30353 5.56571 1.49141 2.78324 15.1743 22.8085 0.404158 0 0 0
1250.00 860.00 6.765914 13.722156 -90438.545198 2.057006 7.757989 cpx Na0.03Ca0.90Fe''0.09Mg0.82Fe'''0.04Ti0.10Al0.25Si1.77O6 48.1394 3.5588 5.74017 1.49748 2.76872 15.0108 22.8658 0.418769 0 0 0
1250.00 850.00 6.851928 13.817957 -91618.044929 2.079553 7.840323 cpx Na0.03Ca0.90Fe''0.08Mg0.81Fe'''0.04Ti0.11Al0.26Si1.76O6 47.7768 3.8322 5.94138 1.50435 2.75297 14.837 22.9224 0.432841 0 0 0

water thermodynamic data and composition:
Pressure Temperature mass S H V Cp formula
1250.00 940.00 0.000909 0.008914 -10.778898 0.003873 0.003019 H2O
1250.00 920.00 0.160810 1.568114 -1917.789901 0.667692 0.540517 H2O
1250.00 910.00 0.321030 3.121368 -3839.374896 1.315331 1.086059 H2O
1250.00 900.00 0.472670 4.582133 -5668.955627 1.910530 1.609965 H2O
1250.00 890.00 0.614645 5.940481 -7392.747068 2.450214 2.108541 H2O
1250.00 880.00 0.746238 7.190122 -9001.192593 2.932994 2.579214 H2O
1250.00 870.00 0.867129 8.328718 -10489.475497 3.359214 3.020696 H2O
1250.00 860.00 0.977370 9.357539 -11857.225408 3.730728 3.432916 H2O
1250.00 850.00 1.077317 10.280771 -13107.768907 4.050544 3.816833 H2O

feldspar_0 thermodynamic data and composition:
Pressure Temperature mass S H V Cp formula SiO2 TiO2 Al2O3 Fe2O3 FeO MgO CaO Na2O K2O P2O5 H2O
1250.00 1010.00 0.920011 2.104392 -12860.337948 0.344252 1.116165 K0.01Na0.26Ca0.73Al1.73Si2.27O8 49.8163 0 32.1508 0 0 0 14.9008 2.96551 0.166551 0 0
1250.00 1000.00 3.298601 7.519761 -46140.630466 1.234896 3.998529 K0.01Na0.27Ca0.72Al1.72Si2.28O8 50.0655 0 31.9809 0 0 0 14.7025 3.0752 0.175955 0 0
1250.00 990.00 5.538792 12.583799 -77528.603349 2.074601 6.708398 K0.01Na0.28Ca0.71Al1.71Si2.29O8 50.3166 0 31.8096 0 0 0 14.5025 3.18559 0.185765 0 0
1250.00 980.00 7.656322 17.334814 -107240.580918 2.869186 9.265206 K0.01Na0.29Ca0.70Al1.70Si2.30O8 50.5686 0 31.6375 0 0 0 14.3017 3.29617 0.195984 0 0
1250.00 970.00 9.664365 21.804825 -135457.647783 3.623511 11.685219 K0.01Na0.30Ca0.69Al1.69Si2.31O8 50.8206 0 31.4654 0 0 0 14.101 3.40646 0.206615 0 0
1250.00 960.00 11.573955 26.020625 -162331.491970 4.341635 13.982067 K0.01Na0.31Ca0.68Al1.68Si2.32O8 51.0714 0 31.294 0 0 0 13.901 3.51597 0.217654 0 0
1250.00 950.00 13.394350 30.004667 -187989.310159 5.026954 16.167191 K0.01Na0.32Ca0.67Al1.67Si2.33O8 51.3201 0 31.1239 0 0 0 13.7027 3.62425 0.229099 0 0
1250.00 940.00 15.140783 33.792644 -212642.349008 5.685135 18.259249 K0.01Na0.33Ca0.66Al1.66Si2.34O8 51.5675 0 30.9546 0 0 0 13.5053 3.73167 0.241028 0 0
1250.00 930.00 11.827396 26.401207 -166074.092721 4.459641 14.275852 K0.02Na0.39Ca0.60Al1.60Si2.40O8 53.112 0 29.9055 0 0 0 12.2794 4.42332 0.279808 0 0
1250.00 920.00 14.951346 33.282667 -210018.503323 5.646070 18.039455 K0.02Na0.41Ca0.57Al1.57Si2.43O8 53.7208 0 29.4877 0 0 0 11.7926 4.68472 0.314148 0 0
1250.00 910.00 17.960737 39.865377 -252388.336004 6.792174 21.661391 K0.02Na0.43Ca0.55Al1.55Si2.45O8 54.3012 0 29.0883 0 0 0 11.3277 4.93104 0.351746 0 0
1250.00 900.00 20.770043 45.957391 -291984.081835 7.864745 25.038025 K0.02Na0.45Ca0.53Al1.53Si2.47O8 54.8369 0 28.7185 0 0 0 10.8977 5.15535 0.391569 0 0
1250.00 890.00 23.366851 51.531933 -328630.819992 8.858334 28.154355 K0.02Na0.47Ca0.51Al1.51Si2.49O8 55.3259 0 28.3798 0 0 0 10.5041 5.35705 0.433197 0 0
1250.00 880.00 25.745556 56.578403 -362248.629883 9.770153 31.003811 K0.03Na0.48Ca0.49Al1.49Si2.51O8 55.7686 0 28.0719 0 0 0 10.1468 5.53649 0.476185 0 0
1250.00 870.00 27.907343 61.102119 -392852.420573 10.600096 33.588247 K0.03Na0.50Ca0.47Al1.47Si2.53O8 56.1666 0 27.794 0 0 0 9.82462 5.69471 0.520096 0 0
1250.00 860.00 29.859227 65.121891 -420538.531743 11.350383 35.916768 K0.03Na0.51Ca0.46Al1.46Si2.54O8 56.5226 0 27.5442 0 0 0 9.53546 5.83321 0.564534 0 0
1250.00 850.00 31.612673 68.666678 -445465.561468 12.025037 38.004068 K0.03Na0.52Ca0.45Al1.45Si2.55O8 56.84 0 27.3204 0 0 0 9.27677 5.9537 0.609166 0 0

orthopyroxene_0 thermodynamic data and composition:
Pressure Temperature mass S H V Cp structure formula SiO2 TiO2 Al2O3 Fe2O3 FeO MgO CaO Na2O K2O P2O5 H2O
1250.00 1030.00 0.137844 0.316581 -1844.948967 0.043097 0.175153 opx Na0.00Ca0.05Fe''0.18Mg1.72Fe'''0.02Ti0.01Al0.09Si1.94O6 56.0598 0.247905 2.15362 0.762461 6.19284 33.3004 1.26532 0.0176444 0 0 0
1250.00 1020.00 0.643331 1.471003 -8610.982906 0.200977 0.816042 opx Na0.00Ca0.05Fe''0.18Mg1.71Fe'''0.02Ti0.01Al0.09Si1.94O6 56.0173 0.254021 2.16621 0.747655 6.29655 33.165 1.33485 0.0183906 0 0 0
1250.00 1010.00 1.240121 2.822938 -16600.888281 0.387132 1.570487 opx Na0.00Ca0.05Fe''0.19Mg1.71Fe'''0.02Ti0.01Al0.09Si1.94O6 55.998 0.261079 2.14899 0.72829 6.39898 33.0601 1.38553 0.0190075 0 0 0
1250.00 1000.00 1.966626 4.456506 -26333.202440 0.613552 2.487021 opx Na0.00Ca0.05Fe''0.19Mg1.71Fe'''0.02Ti0.01Al0.09Si1.94O6 56.0155 0.2705 2.08692 0.703166 6.49459 33.0159 1.39419 0.0193324 0 0 0
1250.00 990.00 2.616993 5.903240 -35051.203938 0.815956 3.304795 opx Na0.00Ca0.05Fe''0.19Mg1.70Fe'''0.02Ti0.01Al0.08Si1.94O6 56.0319 0.279644 2.02717 0.678709 6.58866 32.9722 1.40211 0.0196495 0 0 0
1250.00 980.00 3.200899 7.187111 -42883.902479 0.997407 4.036404 opx Na0.00Ca0.05Fe''0.19Mg1.70Fe'''0.02Ti0.01Al0.08Si1.94O6 56.0475 0.288439 1.96942 0.654813 6.68143 32.9289 1.40956 0.0199582 0 0 0
1250.00 970.00 3.726594 8.328517 -49941.196960 1.160511 4.692574 opx Na0.00Ca0.05Fe''0.20Mg1.70Fe'''0.02Ti0.01Al0.08Si1.95O6 56.0625 0.296806 1.91334 0.631386 6.77315 32.8858 1.4168 0.0202578 0 0 0
1250.00 960.00 4.201149 9.344905 -56317.202773 1.307505 5.282487 opx Na0.00Ca0.05Fe''0.20Mg1.70Fe'''0.02Ti0.01Al0.08Si1.95O6 56.0771 0.304657 1.85863 0.608345 6.86409 32.8425 1.4241 0.0205478 0 0 0
1250.00 950.00 4.630654 10.251272 -62092.922504 1.440311 5.814040 opx Na0.00Ca0.05Fe''0.20Mg1.70Fe'''0.02Ti0.01Al0.07Si1.95O6 56.0915 0.311894 1.80502 0.585618 6.95455 32.7988 1.43175 0.0208277 0 0 0
1250.00 940.00 5.021298 11.062587 -67350.610621 1.560880 6.295209 opx Na0.00Ca0.05Fe''0.20Mg1.70Fe'''0.01Ti0.01Al0.07Si1.95O6 56.1059 0.318387 1.75207 0.563124 7.04502 32.7544 1.44002 0.0210988 0 0 0
1250.00 930.00 2.045758 4.486328 -27427.158860 0.634378 2.561767 opx Na0.00Ca0.03Fe''0.21Mg1.70Fe'''0.02Ti0.01Al0.09Si1.94O6 55.7177 0.421407 2.23635 0.624426 7.2883 32.8189 0.872454 0.0204992 0 0 0
1250.00 920.00 2.606756 5.688209 -34951.218124 0.807829 3.259303 opx Na0.00Ca0.03Fe''0.22Mg1.70Fe'''0.02Ti0.01Al0.09Si1.94O6 55.7515 0.421948 2.15562 0.598913 7.41111 32.783 0.857045 0.0209161 0 0 0
1250.00 910.00 3.093332 6.716053 -41478.155875 0.958021 3.861739 opx Na0.00Ca0.03Fe''0.22Mg1.70Fe'''0.02Ti0.01Al0.08Si1.94O6 55.7884 0.419216 2.07351 0.573445 7.53561 32.7461 0.842479 0.0212509 0 0 0
1250.00 900.00 3.502288 7.565297 -46964.745063 1.084008 4.365483 opx Na0.00Ca0.03Fe''0.22Mg1.70Fe'''0.01Ti0.01Al0.08Si1.94O6 55.8268 0.41347 1.99222 0.548247 7.6615 32.7078 0.828515 0.0214846 0 0 0
1250.00 890.00 3.843753 8.260187 -51546.405658 1.188965 4.783562 opx Na0.00Ca0.03Fe''0.23Mg1.69Fe'''0.01Ti0.01Al0.08Si1.94O6 55.8663 0.40485 1.91213 0.52337 7.78896 32.6677 0.815145 0.0216145 0 0 0
1250.00 880.00 4.127898 8.824635 -55359.276150 1.276077 5.128984 opx Na0.00Ca0.03Fe''0.23Mg1.69Fe'''0.01Ti0.01Al0.08Si1.95O6 55.9064 0.393587 1.83355 0.498884 7.9178 32.6258 0.802332 0.0216414 0 0 0
1250.00 870.00 4.364498 9.281292 -58534.435792 1.348396 5.414201 opx Na0.00Ca0.03Fe''0.23Mg1.69Fe'''0.01Ti0.01Al0.07Si1.95O6 55.947 0.379956 1.75674 0.474859 8.04752 32.5824 0.790035 0.0215689 0 0 0
1250.00 860.00 4.562586 9.650817 -61193.226081 1.408740 5.650680 opx Na0.00Ca0.03Fe''0.24Mg1.69Fe'''0.01Ti0.01Al0.07Si1.95O6 55.9878 0.364232 1.68178 0.451359 8.17737 32.5379 0.778225 0.021403 0 0 0
1250.00 850.00 4.730214 9.951424 -63444.051674 1.459620 5.848617 opx Na0.00Ca0.03Fe''0.24Mg1.69Fe'''0.01Ti0.01Al0.07Si1.95O6 56.0288 0.346668 1.60866 0.428431 8.30635 32.493 0.766904 0.0211512 0 0 0
