Title:  H2O_1

System Thermodynamic Data:
Pressure Temperature mass F phi S H V dVdP*10^6 dVdT*10^6 Cp logfO2(absolute) logfO2(absolute) rhol rhos viscosity aH2O chisqr
1250.00 1050.00 99.999999 0.7786502650523007 0.796110 254.279935 -1288609.777256 39.992574 -360.787559 3006.349521 135.048100 -7.661 -7.661 2.445625 2.714591 5.233 0.232347 0.000
1250.00 1040.00 99.999999 0.7508458294064525 0.770018 252.658439 -1290747.198336 39.895707 -354.489088 2970.189789 134.328500 -7.760 -7.760 2.444127 2.715489 5.332 0.249251 0.000
1250.00 1030.00 99.999999 0.7253316436220286 0.745916 251.087561 -1292802.180937 39.804799 -348.586841 2936.668276 133.665634 -7.859 -7.859 2.442932 2.715786 5.428 0.266531 0.000
1250.00 1020.00 99.999999 0.7018528730536059 0.723599 249.560527 -1294784.534168 39.719191 -343.060992 2910.422657 133.218958 -7.959 -7.959 2.442013 2.715752 5.522 0.284153 0.000
1250.00 1010.00 99.999999 0.6801874503820664 0.702886 248.070370 -1296704.109206 39.638266 -337.840358 2881.712789 132.664524 -8.060 -8.060 2.441345 2.715547 5.614 0.302082 0.000
1250.00 1000.00 99.999999 0.6601442978072072 0.683618 246.613198 -1298566.619884 39.561575 -332.912041 2854.775553 132.147366 -8.162 -8.162 2.440909 2.715249 5.704 0.320287 0.000
1250.00 990.00 99.999999 0.6415594068616788 0.665660 245.184753 -1300378.124373 39.488698 -328.249929 2829.408547 131.663009 -8.265 -8.265 2.440684 2.714914 5.794 0.338734 0.000
1250.00 980.00 99.999999 0.6242892603692004 0.648890 243.781317 -1302143.876879 39.419266 -323.830867 2805.437686 131.207621 -8.369 -8.369 2.440654 2.714576 5.881 0.35739 0.000
1250.00 970.00 99.999999 0.6082076477293019 0.633202 242.399622 -1303868.455957 39.352953 -319.634223 2782.712584 130.777910 -8.475 -8.475 2.440802 2.714259 5.968 0.376225 0.000
1250.00 960.00 99.999999 0.5932030864924365 0.618499 241.036784 -1305555.868652 39.289472 -315.641551 2761.102845 130.371036 -8.583 -8.583 2.441114 2.713976 6.054 0.395209 0.000
1250.00 950.00 99.999999 0.5791767063402585 0.604697 239.690243 -1307209.635935 39.228566 -311.836305 2740.495065 129.984544 -8.692 -8.692 2.441578 2.713736 6.140 0.414314 0.000
1250.00 940.00 99.999999 0.5631200865459418 0.590948 237.983592 -1309306.670572 39.076116 -309.975414 2717.042938 129.316276 -8.984 -8.984 2.438597 2.733208 6.361 0.435111 0.000
1250.00 930.00 99.999999 0.5505007953832747 0.578530 236.633011 -1310938.385423 39.012273 -306.612947 2697.517020 128.946861 -9.124 -9.124 2.439106 2.733765 6.462 0.454923 0.000
1250.00 920.00 99.999999 0.5386548885138268 0.566828 235.293935 -1312542.808709 38.950748 -303.397750 2678.679850 128.593897 -9.266 -9.266 2.439741 2.734321 6.563 0.4748 0.000
1250.00 910.00 99.999999 0.5275254211701002 0.555794 233.964712 -1314122.132713 38.891384 -300.320938 2660.460897 128.255923 -9.412 -9.412 2.440487 2.734892 6.665 0.494702 0.000
1250.00 900.00 99.999999 0.5170610249935637 0.545384 232.643830 -1315678.336491 38.834035 -297.374415 2642.796129 127.931679 -9.561 -9.561 2.441331 2.735491 6.768 0.514584 0.000
1250.00 890.00 99.999999 0.5072151704663925 0.535561 231.329891 -1317213.218786 38.778571 -294.550780 2625.626649 127.620085 -9.712 -9.712 2.442257 2.736132 6.872 0.534403 0.000
1250.00 880.00 99.999999 0.4979455308733898 0.526288 230.021594 -1318728.427536 38.724871 -291.843250 2608.897340 127.320230 -9.865 -9.865 2.443251 2.736824 6.977 0.554115 0.000
1250.00 870.00 99.999999 0.4892134222861942 0.517534 228.717708 -1320225.487312 38.672821 -289.245588 2592.555436 127.031362 -10.021 -10.021 2.444296 2.737580 7.083 0.573674 0.000
1250.00 860.00 99.999999 0.4809846204575087 0.509272 227.413012 -1321710.427865 38.622275 -286.754570 2576.526024 126.752665 -10.179 -10.179 2.445366 2.738427 7.199 0.593422 0.000
1250.00 850.00 99.999999 0.4809846204575087 0.509272 227.413012 -1321710.427865 38.622275 -286.754570 2576.526024 126.752665 -10.179 -10.179 2.445366 2.738427 7.199 0.593422 0.000

Title:  H2O_1

Liquid Composition:
Pressure Temperature mass SiO2 TiO2 Al2O3 Fe2O3 FeO MgO CaO Na2O K2O P2O5 H2O 
1250.00 1050.00 77.865026 61.8316 1.08244 14.159 3.98517 4.12843 2.48515 4.91096 3.01247 2.86366 0.256855 1.28427
1250.00 1040.00 75.084582 62.0414 1.12094 13.8425 4.12878 4.22921 2.3433 4.78791 2.95547 2.95232 0.266366 1.33183
1250.00 1030.00 72.533164 62.2348 1.15891 13.5352 4.27085 4.32831 2.21177 4.67477 2.89316 3.03783 0.275736 1.37868
1250.00 1020.00 70.185287 62.4135 1.19634 13.2369 4.41127 4.42559 2.0895 4.5705 2.82652 3.1202 0.28496 1.4248
1250.00 1010.00 68.018744 62.5788 1.23324 12.9472 4.54997 4.5209 1.9756 4.47418 2.75636 3.19947 0.294037 1.47018
1250.00 1000.00 66.014429 62.7322 1.26961 12.666 4.68688 4.61411 1.86928 4.38497 2.68341 3.2757 0.302964 1.51482
1250.00 990.00 64.155940 62.8747 1.30546 12.3931 4.82194 4.7051 1.76985 4.30211 2.60831 3.34893 0.31174 1.5587
1250.00 980.00 62.428925 63.0074 1.34079 12.1283 4.9551 4.79375 1.67672 4.22492 2.53163 3.41921 0.320364 1.60182
1250.00 970.00 60.820764 63.1312 1.37559 11.8713 5.0863 4.87996 1.58935 4.15278 2.45386 3.4866 0.328835 1.64418
1250.00 960.00 59.320308 63.2469 1.40989 11.6221 5.21552 4.96364 1.50727 4.08515 2.37542 3.55116 0.337153 1.68576
1250.00 950.00 57.917670 63.3552 1.44369 11.3806 5.34275 5.0447 1.43006 4.02151 2.29666 3.61295 0.345318 1.72659
1250.00 940.00 56.312008 63.3639 1.38576 12.1435 5.40859 5.19555 1.30559 3.21865 2.16057 3.68698 0.355164 1.77582
1250.00 930.00 55.050079 63.4449 1.40249 12.0117 5.52736 5.28384 1.23584 3.10208 2.06759 3.74434 0.363306 1.81653
1250.00 920.00 53.865488 63.5211 1.41688 11.8858 5.64408 5.37009 1.17032 2.99069 1.97439 3.79885 0.371295 1.85648
1250.00 910.00 52.752542 63.5934 1.42872 11.7655 5.75865 5.45417 1.1087 2.88416 1.88141 3.85053 0.379129 1.89564
1250.00 900.00 51.706102 63.6629 1.43774 11.6503 5.87098 5.53597 1.05071 2.78217 1.78903 3.89939 0.386802 1.93401
1250.00 890.00 50.721516 63.7305 1.44364 11.5401 5.98095 5.61541 0.996059 2.68444 1.69762 3.94545 0.39431 1.97155
1250.00 880.00 49.794553 63.7973 1.44602 11.4344 6.08846 5.69237 0.944527 2.59074 1.60751 3.98873 0.40165 2.00825
1250.00 870.00 48.921342 63.8646 1.44439 11.333 6.19339 5.76679 0.895892 2.50084 1.51903 4.02923 0.40882 2.0441
1250.00 860.00 48.098462 63.9342 1.43778 11.2358 6.29552 5.83858 0.850302 2.41363 1.43277 4.06658 0.415814 2.07907
1250.00 850.00 48.098462 63.9342 1.43778 11.2358 6.29552 5.83858 0.850302 2.41363 1.43277 4.06658 0.415814 2.07907
Title:  H2O_1

liquid_2 thermodynamic data and composition:
Pressure Temperature mass S H V Cp viscosity SiO2 TiO2 Al2O3 Fe2O3 FeO MgO CaO Na2O K2O P2O5 H2O Mg#
1250.00 860.00 7.249136 14.474785 -42865.085969 1.773929 9.705440 -0.563 17.0432 2.82863 0.0184311 40.686 37.7584 1.39854 0.0389797 0.134904 7.22409e-05 0.0155298 0.0773416 6.2
1250.00 850.00 7.249136 14.388754 -42962.140238 1.770798 9.705414 -0.539 17.0432 2.82863 0.0184311 40.686 37.7584 1.39854 0.0389797 0.134904 7.22409e-05 0.0155298 0.0773416 6.2

liquid_1 thermodynamic data and composition:
Pressure Temperature mass S H V Cp viscosity SiO2 TiO2 Al2O3 Fe2O3 FeO MgO CaO Na2O K2O P2O5 H2O Mg#
1250.00 1050.00 7.228847 16.097559 -42847.933255 1.861360 9.770556 -0.807 18.8214 1.35778 0.0824729 38.1543 37.8546 2.97309 0.108064 0.550574 0.000342178 0.0175694 0.0798299 12.3
1250.00 1040.00 7.256152 16.074529 -42964.688469 1.863232 9.800534 -0.797 18.704 1.44305 0.0748404 38.3326 37.8572 2.85635 0.103714 0.529474 0.000321166 0.0176676 0.0807613 11.9
1250.00 1030.00 7.278374 16.039319 -43057.926071 1.863807 9.824164 -0.788 18.5876 1.53037 0.0679272 38.5099 37.8515 2.74545 0.0996677 0.507997 0.000301132 0.0177454 0.0815581 11.4
1250.00 1020.00 7.296226 15.993660 -43131.708831 1.863275 9.842389 -0.778 18.4723 1.61984 0.0616622 38.6859 37.8378 2.63997 0.0958992 0.486312 0.000282073 0.0178056 0.0822234 11.1
1250.00 1010.00 7.310313 15.939014 -43189.445897 1.861802 9.856003 -0.768 18.3581 1.71154 0.0559817 38.8606 37.8165 2.53952 0.0923836 0.464559 0.000263982 0.0178507 0.082761 10.7
1250.00 1000.00 7.321146 15.876603 -43233.984649 1.859521 9.865673 -0.758 18.2448 1.80558 0.0508292 39.0338 37.7879 2.44377 0.0890994 0.442859 0.000246844 0.0178833 0.0831746 10.3
1250.00 990.00 7.329151 15.807458 -43267.703572 1.856549 9.871961 -0.747 18.1325 1.9021 0.0461544 39.2055 37.7524 2.3524 0.0860275 0.421322 0.000230641 0.0179059 0.083468 10.0
1250.00 980.00 7.334695 15.732447 -43292.605408 1.852981 9.875340 -0.737 18.021 2.00121 0.0419123 39.3757 37.71 2.26515 0.0831509 0.40004 0.000215351 0.0179209 0.0836451 9.7
1250.00 970.00 7.338088 15.652306 -43310.378228 1.848901 9.876212 -0.726 17.9104 2.10306 0.0380624 39.5443 37.661 2.18178 0.0804548 0.379092 0.000200947 0.0179304 0.0837099 9.4
1250.00 960.00 7.339592 15.567660 -43322.444997 1.844377 9.874919 -0.715 17.8006 2.2078 0.0345683 39.7112 37.6055 2.10206 0.0779262 0.358546 0.0001874 0.0179368 0.0836666 9.1
1250.00 950.00 7.339433 15.479036 -43330.004248 1.839469 9.871752 -0.704 17.6914 2.31561 0.0313971 39.8766 37.5435 2.02581 0.0755534 0.338458 0.00017468 0.0179421 0.0835195 8.8
1250.00 940.00 7.307416 15.318574 -43080.053473 1.825382 9.810623 -0.683 17.6797 2.30204 0.0339722 39.7216 37.9112 1.91248 0.0605946 0.277774 0.000152395 0.0177468 0.0826933 8.3
1250.00 930.00 7.303727 15.221777 -43065.299547 1.819639 9.801539 -0.669 17.5903 2.38244 0.031479 39.8467 37.8963 1.83888 0.0575539 0.256201 0.000140147 0.0176459 0.0823269 8.0
1250.00 920.00 7.298989 15.122440 -43047.842622 1.813692 9.791300 -0.655 17.5034 2.46025 0.0291754 39.9699 37.8792 1.76822 0.0546716 0.235633 0.000128601 0.0175266 0.0818687 7.7
1250.00 910.00 7.293252 15.020677 -43027.602547 1.807554 9.779954 -0.641 17.4192 2.53483 0.0270437 40.0914 37.8602 1.70037 0.0519344 0.216115 0.000117724 0.0173887 0.0813212 7.4
1250.00 900.00 7.286536 14.916539 -43004.304875 1.801232 9.767517 -0.627 17.3378 2.60547 0.0250673 40.2115 37.8399 1.63518 0.0493295 0.197677 0.000107482 0.0172313 0.0806866 7.2
1250.00 890.00 7.278835 14.810019 -42977.458593 1.794725 9.753965 -0.612 17.2593 2.67129 0.0232313 40.3305 37.8188 1.57254 0.0468443 0.180339 9.78437e-05 0.0170534 0.0799673 6.9
1250.00 880.00 7.270111 14.701042 -42946.321330 1.788026 9.739231 -0.596 17.1839 2.7312 0.0215216 40.4489 37.7975 1.51233 0.0444666 0.16411 8.87745e-05 0.0168535 0.0791651 6.7
1250.00 870.00 7.260292 14.589456 -42909.848173 1.781119 9.723202 -0.580 17.1117 2.78386 0.0199254 40.5671 37.7768 1.45444 0.0421837 0.148988 8.02413e-05 0.0166294 0.0782821 6.4
1250.00 860.00 0.024760 0.046503 -313.291348 0.008599 0.045921 -2.511 2.01565 0.236245 0.0211456 0.37426 0.000178399 2.57626 51.2714 3.02193e-05 0.0188224 43.2356 0.25039 100.0
1250.00 850.00 0.024760 0.046096 -313.750559 0.008598 0.045921 -2.508 2.01565 0.236245 0.0211456 0.37426 0.000178399 2.57626 51.2714 3.02193e-05 0.0188224 43.2356 0.25039 100.0

liquid_0 thermodynamic data and composition:
Pressure Temperature mass S H V Cp viscosity SiO2 TiO2 Al2O3 Fe2O3 FeO MgO CaO Na2O K2O P2O5 H2O Mg#
1250.00 1050.00 70.636179 186.232186 -940479.349651 29.977142 98.130629 5.233 66.2332 1.05426 15.5996 0.488325 0.67693 2.43521 5.40249 3.26442 3.15669 0.281343 1.40754 86.5
1250.00 1040.00 67.828430 178.313877 -903995.923892 28.857178 93.997540 5.332 66.6775 1.08648 15.3153 0.469713 0.631747 2.28842 5.28902 3.21499 3.26812 0.292972 1.46567 86.6
1250.00 1030.00 65.254790 171.041167 -870554.090313 27.827224 90.216751 5.428 67.1031 1.11748 15.0373 0.451898 0.589216 2.15224 5.18506 3.1592 3.37663 0.304512 1.52336 86.7
1250.00 1020.00 62.889061 164.341850 -839814.955906 26.877479 86.747771 5.522 67.5114 1.14721 14.7654 0.434811 0.549195 2.02564 5.08963 3.09802 3.48216 0.315955 1.58056 86.8
1250.00 1010.00 60.708431 158.153051 -811483.212229 25.999370 83.555513 5.614 67.9038 1.17565 14.4995 0.418394 0.511549 1.90769 5.00182 3.03233 3.58471 0.327294 1.63725 86.9
1250.00 1000.00 58.693284 152.420639 -785304.879493 25.185498 80.609899 5.704 68.2814 1.20276 14.2396 0.402594 0.476149 1.79762 4.92082 2.96288 3.68427 0.338524 1.6934 87.1
1250.00 990.00 56.826789 147.098101 -761062.114901 24.429499 77.885186 5.794 68.6453 1.22851 13.9855 0.38737 0.442873 1.69472 4.84587 2.89037 3.78083 0.349637 1.74897 87.2
1250.00 980.00 55.094230 142.144739 -738564.374508 23.725792 75.358941 5.881 68.9965 1.25286 13.7373 0.372682 0.411605 1.59838 4.77631 2.81541 3.87438 0.360629 1.80394 87.4
1250.00 970.00 53.482676 137.524778 -717644.169805 23.069455 73.011520 5.968 69.3357 1.27578 13.4949 0.358497 0.382237 1.50806 4.71153 2.73853 3.96495 0.371493 1.85828 87.6
1250.00 960.00 51.980716 133.206635 -698153.633777 22.456128 70.825642 6.054 69.6638 1.29723 13.2583 0.344786 0.354663 1.42328 4.65096 2.66019 4.05255 0.382225 1.91198 87.7
1250.00 950.00 50.578237 129.162324 -679961.703847 21.881938 68.786046 6.140 69.9815 1.31716 13.0274 0.331522 0.328787 1.34362 4.59411 2.58082 4.1372 0.392823 1.96502 87.9
1250.00 940.00 49.004592 124.685266 -661293.970556 21.266589 66.493632 6.361 70.1762 1.24912 13.9492 0.291941 0.317085 1.21509 3.68957 2.44133 4.23675 0.405479 2.02829 87.2
1250.00 930.00 47.746352 121.040469 -645117.021600 20.750140 64.670727 6.462 70.4593 1.25258 13.8443 0.277549 0.295139 1.14359 3.56779 2.34467 4.31709 0.416181 2.08181 87.4
1250.00 920.00 46.566499 117.610341 -629960.556777 20.264674 62.962323 6.563 70.7341 1.25334 13.7443 0.26373 0.27451 1.0766 3.4509 2.24693 4.39428 0.426746 2.13463 87.5
1250.00 910.00 45.459289 114.378739 -615750.809383 19.808025 61.359635 6.665 71.0014 1.25126 13.6487 0.250479 0.255115 1.01378 3.33855 2.14858 4.46827 0.437164 2.18672 87.6
1250.00 900.00 44.419566 111.331123 -602421.566257 19.378243 59.854780 6.768 71.262 1.24619 13.5573 0.23779 0.236875 0.954829 3.23046 2.05007 4.53902 0.447425 2.23802 87.8
1250.00 890.00 43.442681 108.454355 -589913.250764 18.973572 58.440663 6.872 71.5167 1.23794 13.4698 0.225661 0.21972 0.899469 3.12638 1.95184 4.6065 0.457519 2.28849 87.9
1250.00 880.00 42.524441 105.736530 -578172.156709 18.592426 57.110880 6.977 71.7665 1.2263 13.3856 0.214087 0.203581 0.847453 3.02606 1.85428 4.67064 0.467436 2.33805 88.1
1250.00 870.00 41.661049 103.166835 -567149.805628 18.233376 55.859630 7.083 72.0122 1.21096 13.3045 0.203067 0.188393 0.798553 2.92931 1.75779 4.73139 0.477167 2.38668 88.3
1250.00 860.00 40.824566 100.685750 -556499.889367 17.886699 54.636253 7.199 72.298 1.19154 13.2344 0.192464 0.174194 0.751906 2.80567 1.66409 4.79112 0.460921 2.43562 88.5
1250.00 850.00 40.824566 100.201610 -557046.068476 17.869497 54.599403 7.306 72.298 1.19154 13.2344 0.192464 0.174194 0.751906 2.80567 1.66409 4.79112 0.460921 2.43562 88.5

orthopyroxene_0 thermodynamic data and composition:
Pressure Temperature mass S H V Cp structure formula SiO2 TiO2 Al2O3 Fe2O3 FeO MgO CaO Na2O K2O P2O5 H2O
1250.00 1050.00 3.580291 8.287234 -47673.157250 1.119421 4.553070 opx Na0.00Ca0.05Fe''0.19Mg1.71Fe'''0.02Ti0.01Al0.08Si1.95O6 56.17 0.200024 1.88348 0.752656 6.57472 33.0962 1.29934 0.0235772 0 0 0
1250.00 1040.00 4.116729 9.487567 -54831.440826 1.286415 5.228116 opx Na0.00Ca0.05Fe''0.19Mg1.71Fe'''0.02Ti0.01Al0.07Si1.95O6 56.1982 0.202741 1.81156 0.726923 6.66837 33.0491 1.31939 0.0237358 0 0 0
1250.00 1030.00 4.593093 10.539011 -61193.646207 1.434462 5.825046 opx Na0.00Ca0.05Fe''0.20Mg1.71Fe'''0.02Ti0.01Al0.07Si1.95O6 56.2255 0.204772 1.7417 0.701494 6.76096 33.0003 1.34139 0.0238709 0 0 0
1250.00 1020.00 5.018205 11.463448 -66876.572781 1.566347 6.355315 opx Na0.00Ca0.05Fe''0.20Mg1.70Fe'''0.02Ti0.01Al0.07Si1.95O6 56.252 0.206111 1.67371 0.676312 6.8528 32.9496 1.36552 0.0239846 0 0 0
1250.00 1010.00 5.399403 12.279035 -71977.274332 1.684385 6.828437 opx Na0.00Ca0.05Fe''0.20Mg1.70Fe'''0.02Ti0.01Al0.07Si1.95O6 56.2777 0.206757 1.60741 0.651337 6.94415 32.8966 1.39197 0.0240785 0 0 0
1250.00 1000.00 5.742805 13.000894 -76576.674155 1.790508 7.252343 opx Na0.00Ca0.05Fe''0.20Mg1.70Fe'''0.02Ti0.01Al0.06Si1.96O6 56.3025 0.206712 1.54267 0.626542 7.03527 32.8412 1.4209 0.0241541 0 0 0
1250.00 990.00 6.053551 13.641695 -80742.658758 1.886334 7.633682 opx Na0.00Ca0.05Fe''0.21Mg1.70Fe'''0.02Ti0.01Al0.06Si1.96O6 56.3266 0.205984 1.4794 0.601914 7.12639 32.783 1.45253 0.0242128 0 0 0
1250.00 980.00 6.335992 14.212141 -84532.677133 1.973236 7.978077 opx Na0.00Ca0.06Fe''0.21Mg1.70Fe'''0.02Ti0.01Al0.06Si1.96O6 56.3498 0.204582 1.41752 0.577452 7.21771 32.7217 1.48705 0.0242556 0 0 0
1250.00 970.00 6.593839 14.721332 -87995.655276 2.052381 8.290314 opx Na0.00Ca0.06Fe''0.21Mg1.69Fe'''0.01Ti0.01Al0.06Si1.96O6 56.372 0.20252 1.35695 0.553159 7.30942 32.6569 1.52471 0.0242836 0 0 0
1250.00 960.00 6.830274 15.177048 -91173.528167 2.124769 8.574487 opx Na0.00Ca0.06Fe''0.22Mg1.69Fe'''0.01Ti0.01Al0.05Si1.96O6 56.3932 0.199817 1.29765 0.529048 7.40169 32.5885 1.56577 0.0242977 0 0 0
1250.00 950.00 7.048045 15.585983 -94102.476267 2.191266 8.834127 opx Na0.00Ca0.06Fe''0.22Mg1.69Fe'''0.01Ti0.01Al0.05Si1.96O6 56.4133 0.196492 1.23958 0.505136 7.49467 32.516 1.61053 0.0242984 0 0 0
1250.00 940.00 5.247877 11.553218 -70076.367763 1.628658 6.573752 opx Na0.00Ca0.04Fe''0.22Mg1.70Fe'''0.01Ti0.01Al0.06Si1.95O6 56.183 0.270807 1.54237 0.553862 7.67427 32.709 1.04371 0.0229886 0 0 0
1250.00 930.00 5.288266 11.585603 -70631.292109 1.640051 6.614580 opx Na0.00Ca0.04Fe''0.23Mg1.70Fe'''0.01Ti0.01Al0.06Si1.96O6 56.1792 0.275436 1.52017 0.536666 7.77847 32.6695 1.01783 0.0227787 0 0 0
1250.00 920.00 5.322873 11.604128 -71108.510325 1.649632 6.647908 opx Na0.00Ca0.04Fe''0.23Mg1.69Fe'''0.01Ti0.01Al0.06Si1.96O6 56.1752 0.279525 1.4984 0.519486 7.88372 32.6288 0.992323 0.0225482 0 0 0
1250.00 910.00 5.352849 11.611467 -71523.359419 1.657762 6.675204 opx Na0.00Ca0.04Fe''0.23Mg1.69Fe'''0.01Ti0.01Al0.06Si1.96O6 56.1713 0.283021 1.47694 0.502328 7.99002 32.5869 0.967211 0.0222978 0 0 0
1250.00 900.00 5.379210 11.609950 -71889.363972 1.664759 6.697754 opx Na0.00Ca0.04Fe''0.24Mg1.69Fe'''0.01Ti0.01Al0.06Si1.96O6 56.1674 0.285857 1.45566 0.485199 8.09736 32.544 0.942518 0.0220279 0 0 0
1250.00 890.00 5.402862 11.601628 -72218.618073 1.670906 6.716704 opx Na0.00Ca0.03Fe''0.24Mg1.69Fe'''0.01Ti0.01Al0.06Si1.96O6 56.1638 0.287957 1.4344 0.468109 8.20568 32.5001 0.91827 0.021739 0 0 0
1250.00 880.00 5.424626 11.588339 -72522.159032 1.676462 6.733091 opx Na0.00Ca0.03Fe''0.24Mg1.69Fe'''0.01Ti0.01Al0.06Si1.96O6 56.1607 0.289229 1.413 0.451067 8.31487 32.4552 0.894493 0.0214312 0 0 0
1250.00 870.00 5.445274 11.571773 -72810.358536 1.681668 6.747883 opx Na0.00Ca0.03Fe''0.25Mg1.69Fe'''0.01Ti0.01Al0.06Si1.96O6 56.1583 0.289558 1.39125 0.434083 8.42476 32.4097 0.871224 0.0211044 0 0 0
1250.00 860.00 5.463921 11.550080 -73071.087294 1.686249 6.759979 opx Na0.00Ca0.03Fe''0.25Mg1.68Fe'''0.01Ti0.01Al0.06Si1.96O6 56.1567 0.288866 1.36892 0.417143 8.53587 32.3632 0.848523 0.0207569 0 0 0
1250.00 850.00 5.463921 11.490199 -73138.640828 1.685605 6.750705 opx Na0.00Ca0.03Fe''0.25Mg1.68Fe'''0.01Ti0.01Al0.06Si1.96O6 56.1567 0.288866 1.36892 0.417143 8.53587 32.3632 0.848523 0.0207569 0 0 0

feldspar_0 thermodynamic data and composition:
Pressure Temperature mass S H V Cp formula SiO2 TiO2 Al2O3 Fe2O3 FeO MgO CaO Na2O K2O P2O5 H2O
1250.00 1050.00 18.554682 43.662956 -257609.337100 7.034651 22.593845 K0.02Na0.42Ca0.56Al1.56Si2.44O8 53.9689 0 29.3062 0 0 0 11.585 4.76158 0.378403 0 0
1250.00 1040.00 20.798688 48.782467 -288955.145150 7.888882 25.302310 K0.02Na0.43Ca0.55Al1.55Si2.45O8 54.2003 0 29.1454 0 0 0 11.3983 4.85571 0.400318 0 0
1250.00 1030.00 22.873743 53.468065 -317996.518345 8.679307 27.799673 K0.02Na0.43Ca0.54Al1.54Si2.46O8 54.4145 0 28.9961 0 0 0 11.2252 4.94193 0.422174 0 0
1250.00 1020.00 24.796507 57.761568 -344961.296651 9.412089 30.273483 K0.03Na0.44Ca0.54Al1.54Si2.46O8 54.6129 0 28.8576 0 0 0 11.0647 5.02086 0.443933 0 0
1250.00 1010.00 26.581852 61.699271 -370054.176748 10.092709 32.424572 K0.03Na0.45Ca0.53Al1.53Si2.47O8 54.7968 0 28.7289 0 0 0 10.9156 5.09317 0.465571 0 0
1250.00 1000.00 28.242765 65.315061 -393451.081586 10.726049 34.419451 K0.03Na0.45Ca0.52Al1.52Si2.48O8 54.9675 0 28.6091 0 0 0 10.7769 5.15947 0.487071 0 0
1250.00 990.00 29.790508 68.637499 -415305.647141 11.316316 36.272180 K0.03Na0.46Ca0.51Al1.51Si2.49O8 55.1262 0 28.4974 0 0 0 10.6477 5.22028 0.508419 0 0
1250.00 980.00 31.235081 71.691990 -435754.219829 11.867256 37.995263 K0.03Na0.46Ca0.51Al1.51Si2.49O8 55.2738 0 28.3932 0 0 0 10.5273 5.2761 0.529605 0 0
1250.00 970.00 32.585396 74.501206 -454918.252647 12.382217 39.599865 K0.03Na0.47Ca0.50Al1.50Si2.50O8 55.4114 0 28.2958 0 0 0 10.4148 5.32736 0.550626 0 0
1250.00 960.00 33.849417 77.085441 -472906.261711 12.864197 41.095987 K0.03Na0.47Ca0.50Al1.50Si2.50O8 55.5399 0 28.2046 0 0 0 10.3096 5.3745 0.571482 0 0
1250.00 950.00 35.034284 79.462900 -489815.451573 13.315892 42.492619 K0.03Na0.47Ca0.49Al1.49Si2.51O8 55.66 0 28.119 0 0 0 10.2109 5.41788 0.592178 0 0
1250.00 940.00 34.442836 77.965403 -481611.435617 13.122560 41.775101 K0.04Na0.51Ca0.46Al1.46Si2.54O8 56.5707 0 27.4926 0 0 0 9.48168 5.80523 0.649738 0 0
1250.00 930.00 35.378194 79.763060 -495027.063976 13.482360 42.870612 K0.04Na0.51Ca0.45Al1.45Si2.55O8 56.7429 0 27.371 0 0 0 9.34121 5.87008 0.674812 0 0
1250.00 920.00 36.255817 81.409221 -507654.686684 13.819960 43.893947 K0.04Na0.52Ca0.44Al1.44Si2.56O8 56.9057 0 27.2557 0 0 0 9.20809 5.93065 0.699831 0 0
1250.00 910.00 37.079249 82.913143 -519542.292400 14.136691 44.849726 K0.04Na0.52Ca0.44Al1.44Si2.56O8 57.0597 0 27.1464 0 0 0 9.08191 5.9872 0.724795 0 0
1250.00 900.00 37.851671 84.283198 -530732.924005 14.433754 45.742160 K0.04Na0.53Ca0.43Al1.43Si2.57O8 57.2055 0 27.0425 0 0 0 8.96224 6.03996 0.749711 0 0
1250.00 890.00 38.575936 85.526936 -541265.027307 14.712226 46.575095 K0.04Na0.53Ca0.43Al1.43Si2.57O8 57.3436 0 26.944 0 0 0 8.8487 6.08915 0.774595 0 0
1250.00 880.00 39.254578 86.651139 -551172.701337 14.973069 47.352049 K0.05Na0.53Ca0.42Al1.42Si2.58O8 57.4744 0 26.8503 0 0 0 8.74087 6.13499 0.799473 0 0
1250.00 870.00 39.889831 87.661861 -560485.855583 15.217136 48.076242 K0.05Na0.54Ca0.42Al1.42Si2.58O8 57.5985 0 26.7611 0 0 0 8.63836 6.1777 0.824384 0 0
1250.00 860.00 40.482219 88.561387 -569209.414701 15.444643 48.748874 K0.05Na0.54Ca0.41Al1.41Si2.59O8 57.7165 0 26.6759 0 0 0 8.54052 6.21728 0.849846 0 0
1250.00 850.00 40.482219 88.129471 -569696.677479 15.440590 48.704065 K0.05Na0.54Ca0.41Al1.41Si2.59O8 57.7165 0 26.6759 0 0 0 8.54052 6.21728 0.849846 0 0

clinopyroxene_0 thermodynamic data and composition:
Pressure Temperature mass S H V Cp structure formula SiO2 TiO2 Al2O3 Fe2O3 FeO MgO CaO Na2O K2O P2O5 H2O
1250.00 940.00 3.997278 8.461131 -53244.843164 1.232928 4.663169 cpx Na0.02Ca0.87Fe''0.09Mg0.91Fe'''0.04Ti0.04Al0.15Si1.88O6 51.4237 1.38696 3.54232 1.38215 3.04074 16.7181 22.1896 0.316355 0 0 0
1250.00 930.00 4.283459 9.022102 -57097.708191 1.320083 4.989404 cpx Na0.02Ca0.87Fe''0.09Mg0.91Fe'''0.04Ti0.04Al0.15Si1.87O6 51.314 1.47927 3.58996 1.3728 3.03244 16.6226 22.2654 0.323536 0 0 0
1250.00 920.00 4.555820 9.547806 -60771.212301 1.402790 5.298419 cpx Na0.02Ca0.87Fe''0.09Mg0.90Fe'''0.04Ti0.04Al0.16Si1.87O6 51.1936 1.57847 3.6458 1.3639 3.02326 16.5242 22.3398 0.330963 0 0 0
1250.00 910.00 4.815360 10.040686 -64278.068964 1.481351 5.591403 cpx Na0.02Ca0.88Fe''0.09Mg0.90Fe'''0.04Ti0.05Al0.16Si1.87O6 51.061 1.68555 3.71084 1.35557 3.01313 16.4225 22.4128 0.338677 0 0 0
1250.00 900.00 5.063015 10.503019 -67630.177382 1.556047 5.869467 cpx Na0.02Ca0.88Fe''0.09Mg0.89Fe'''0.04Ti0.05Al0.16Si1.86O6 50.9143 1.80175 3.78631 1.34796 3.00195 16.3166 22.4844 0.346724 0 0 0
1250.00 890.00 5.299685 10.936953 -70838.864050 1.627142 6.133658 cpx Na0.03Ca0.88Fe''0.09Mg0.88Fe'''0.04Ti0.05Al0.17Si1.86O6 50.7514 1.92855 3.87371 1.34124 2.98961 16.2057 22.5547 0.355158 0 0 0
1250.00 880.00 5.526242 11.344544 -73915.089129 1.694886 6.384979 cpx Na0.03Ca0.89Fe''0.09Mg0.88Fe'''0.04Ti0.06Al0.17Si1.85O6 50.5692 2.06784 3.97498 1.33565 2.97596 16.0887 22.6237 0.364034 0 0 0
1250.00 870.00 5.743552 11.727784 -76869.619391 1.759522 6.624405 cpx Na0.03Ca0.89Fe''0.09Mg0.87Fe'''0.04Ti0.06Al0.18Si1.85O6 50.3641 2.22195 4.09255 1.33144 2.96085 15.9643 22.6914 0.373418 0 0 0
1250.00 860.00 5.955397 12.094508 -79751.659185 1.822155 6.856198 cpx Na0.03Ca0.89Fe''0.09Mg0.87Fe'''0.04Ti0.07Al0.18Si1.84O6 50.1289 2.39558 4.23108 1.32923 2.9442 15.8296 22.7579 0.383421 0 0 0
1250.00 850.00 5.955397 12.033768 -79820.182537 1.821454 6.848452 cpx Na0.03Ca0.89Fe''0.09Mg0.87Fe'''0.04Ti0.07Al0.18Si1.84O6 50.1289 2.39558 4.23108 1.32923 2.9442 15.8296 22.7579 0.383421 0 0 0

Title:  H2O_1

Phase Masses:
Pressure Temperature mass liquid_0 liquid_1 liquid_2 orthopyroxene_0 clinopyroxene_0 feldspar_0 
1250.00 1050.00 99.999999 70.636179 7.228847 0.000000 3.580291 0.000000 18.554682 
1250.00 1040.00 99.999999 67.828430 7.256152 0.000000 4.116729 0.000000 20.798688 
1250.00 1030.00 99.999999 65.254790 7.278374 0.000000 4.593093 0.000000 22.873743 
1250.00 1020.00 99.999999 62.889061 7.296226 0.000000 5.018205 0.000000 24.796507 
1250.00 1010.00 99.999999 60.708431 7.310313 0.000000 5.399403 0.000000 26.581852 
1250.00 1000.00 99.999999 58.693284 7.321146 0.000000 5.742805 0.000000 28.242765 
1250.00 990.00 99.999999 56.826789 7.329151 0.000000 6.053551 0.000000 29.790508 
1250.00 980.00 99.999999 55.094230 7.334695 0.000000 6.335992 0.000000 31.235081 
1250.00 970.00 99.999999 53.482676 7.338088 0.000000 6.593839 0.000000 32.585396 
1250.00 960.00 99.999999 51.980716 7.339592 0.000000 6.830274 0.000000 33.849417 
1250.00 950.00 99.999999 50.578237 7.339433 0.000000 7.048045 0.000000 35.034284 
1250.00 940.00 99.999999 49.004592 7.307416 0.000000 5.247877 3.997278 34.442836 
1250.00 930.00 99.999999 47.746352 7.303727 0.000000 5.288266 4.283459 35.378194 
1250.00 920.00 99.999999 46.566499 7.298989 0.000000 5.322873 4.555820 36.255817 
1250.00 910.00 99.999999 45.459289 7.293252 0.000000 5.352849 4.815360 37.079249 
1250.00 900.00 99.999999 44.419566 7.286536 0.000000 5.379210 5.063015 37.851671 
1250.00 890.00 99.999999 43.442681 7.278835 0.000000 5.402862 5.299685 38.575936 
1250.00 880.00 99.999999 42.524441 7.270111 0.000000 5.424626 5.526242 39.254578 
1250.00 870.00 99.999999 41.661049 7.260292 0.000000 5.445274 5.743552 39.889831 
1250.00 860.00 99.999999 40.824566 0.024760 7.249136 5.463921 5.955397 40.482219 
1250.00 850.00 99.999999 40.824566 0.024760 7.249136 5.463921 5.955397 40.482219 

Title:  H2O_1

Phase Volumes:
Pressure Temperature mass V liquid_0 liquid_1 liquid_2 orthopyroxene_0 clinopyroxene_0 feldspar_0 
1250.00 1050.00 99.999999 39.992574 29.977142 1.861360 0.000000 1.119421 0.000000 7.034651 
1250.00 1040.00 99.999999 39.895707 28.857178 1.863232 0.000000 1.286415 0.000000 7.888882 
1250.00 1030.00 99.999999 39.804799 27.827224 1.863807 0.000000 1.434462 0.000000 8.679307 
1250.00 1020.00 99.999999 39.719191 26.877479 1.863275 0.000000 1.566347 0.000000 9.412089 
1250.00 1010.00 99.999999 39.638266 25.999370 1.861802 0.000000 1.684385 0.000000 10.092709 
1250.00 1000.00 99.999999 39.561575 25.185498 1.859521 0.000000 1.790508 0.000000 10.726049 
1250.00 990.00 99.999999 39.488698 24.429499 1.856549 0.000000 1.886334 0.000000 11.316316 
1250.00 980.00 99.999999 39.419266 23.725792 1.852981 0.000000 1.973236 0.000000 11.867256 
1250.00 970.00 99.999999 39.352953 23.069455 1.848901 0.000000 2.052381 0.000000 12.382217 
1250.00 960.00 99.999999 39.289472 22.456128 1.844377 0.000000 2.124769 0.000000 12.864197 
1250.00 950.00 99.999999 39.228566 21.881938 1.839469 0.000000 2.191266 0.000000 13.315892 
1250.00 940.00 99.999999 39.076116 21.266589 1.825382 0.000000 1.628658 1.232928 13.122560 
1250.00 930.00 99.999999 39.012273 20.750140 1.819639 0.000000 1.640051 1.320083 13.482360 
1250.00 920.00 99.999999 38.950748 20.264674 1.813692 0.000000 1.649632 1.402790 13.819960 
1250.00 910.00 99.999999 38.891384 19.808025 1.807554 0.000000 1.657762 1.481351 14.136691 
1250.00 900.00 99.999999 38.834035 19.378243 1.801232 0.000000 1.664759 1.556047 14.433754 
1250.00 890.00 99.999999 38.778571 18.973572 1.794725 0.000000 1.670906 1.627142 14.712226 
1250.00 880.00 99.999999 38.724871 18.592426 1.788026 0.000000 1.676462 1.694886 14.973069 
1250.00 870.00 99.999999 38.672821 18.233376 1.781119 0.000000 1.681668 1.759522 15.217136 
1250.00 860.00 99.999999 38.622275 17.886699 0.008599 1.773929 1.686249 1.822155 15.444643 
1250.00 850.00 99.999999 38.622275 17.869497 0.008598 1.770798 1.685605 1.821454 15.440590 

Title:  H2O_1

Solid Composition:
Pressure Temperature mass SiO2 TiO2 Al2O3 Fe2O3 FeO MgO CaO Na2O K2O P2O5 H2O 
1250.00 1050.00 22.134973 54.3249 0.0323536 24.8706 0.121741 1.06345 5.35324 9.92129 3.99522 0.317197 8.23562e-15 5.64742e-16
1250.00 1040.00 24.915417 54.5304 0.0334986 24.629 0.120108 1.1018 5.46064 9.733 4.05733 0.334174 1.56677e-14 5.52676e-16
1250.00 1030.00 27.466835 54.7174 0.0342426 24.4386 0.117306 1.13059 5.51842 9.57243 4.11951 0.351577 -1.71023e-14 1.28357e-15
1250.00 1020.00 29.814712 54.8888 0.0346912 24.2822 0.113832 1.15341 5.54585 9.43219 4.17982 0.369213 -2.14455e-15 0
1250.00 1010.00 31.981255 55.0468 0.0349068 24.15 0.109965 1.17238 5.55395 9.3077 4.23736 0.386968 -4.2602e-15 1.92382e-15
1250.00 1000.00 33.985570 55.1931 0.0349298 24.0355 0.105872 1.1888 5.54943 9.19593 4.29172 0.404767 -3.32971e-15 7.35639e-16
1250.00 990.00 35.844059 55.3289 0.0347877 23.9345 0.101655 1.20355 5.53658 9.09479 4.34274 0.422554 -8.65275e-15 3.48748e-16
1250.00 980.00 37.571074 55.4553 0.0345007 23.844 0.0973816 1.2172 5.51819 9.00275 4.39042 0.440292 -3.90414e-16 5.14672e-16
1250.00 970.00 39.179235 55.5731 0.034084 23.762 0.0930963 1.23017 5.49614 8.91861 4.43486 0.457956 -7.91617e-15 6.38122e-16
1250.00 960.00 40.679691 55.6832 0.03355 23.6868 0.0888292 1.24277 5.47173 8.84146 4.47618 0.475528 1.34402e-14 1.22917e-15
1250.00 950.00 42.082329 55.7862 0.0329089 23.6171 0.0846014 1.25522 5.44585 8.77051 4.51455 0.492999 -8.53118e-16 9.83978e-16
1250.00 940.00 43.687991 56.0532 0.159431 22.1841 0.192992 1.20006 5.4587 9.63082 4.60845 0.512242 5.55364e-15 8.49456e-17
1250.00 930.00 44.949920 56.1592 0.17337 22.0635 0.193957 1.2041 5.42753 9.59358 4.65361 0.531116 4.05552e-15 5.56199e-16
1250.00 920.00 46.134511 56.2573 0.188126 21.9524 0.194623 1.20815 5.3964 9.55694 4.69602 0.549978 9.83025e-15 4.04321e-16
1250.00 910.00 47.247457 56.3477 0.203852 21.8497 0.195067 1.21231 5.36564 9.52121 4.73573 0.568811 -8.64951e-15 5.29153e-16
1250.00 900.00 48.293897 56.4304 0.220731 21.7544 0.19536 1.21664 5.3355 9.4866 4.77279 0.587606 3.72342e-15 5.86442e-17
1250.00 890.00 49.278482 56.5053 0.238979 21.666 0.195568 1.22118 5.30614 9.45323 4.80726 0.606364 -1.22909e-14 0
1250.00 880.00 50.205446 56.5724 0.258863 21.5839 0.195755 1.22598 5.27767 9.4212 4.83921 0.625091 3.26267e-15 3.85153e-16
1250.00 870.00 51.078657 56.6315 0.280716 21.5076 0.19599 1.23106 5.25017 9.39053 4.86871 0.643802 -2.88582e-16 4.89463e-16
1250.00 860.00 51.901537 56.6817 0.305289 21.4363 0.196435 1.23644 5.22339 9.36211 4.89554 0.662864 2.15313e-14 -2.40851e-16
1250.00 850.00 51.901537 56.6817 0.305289 21.4363 0.196435 1.23644 5.22339 9.36211 4.89554 0.662864 2.15313e-14 -2.40851e-16
Title:  H2O_1

Bulk Composition:
Pressure Temperature mass SiO2 TiO2 Al2O3 Fe2O3 FeO MgO CaO Na2O K2O P2O5 H2O 
1250.00 1050.00 99.999999 60.17 0.85 16.53 3.13 3.45 3.12 6.02 3.23 2.3 0.2 1
1250.00 1040.00 99.999999 60.17 0.85 16.53 3.13 3.45 3.12 6.02 3.23 2.3 0.2 1
1250.00 1030.00 99.999999 60.17 0.85 16.53 3.13 3.45 3.12 6.02 3.23 2.3 0.2 1
1250.00 1020.00 99.999999 60.17 0.85 16.53 3.13 3.45 3.12 6.02 3.23 2.3 0.2 1
1250.00 1010.00 99.999999 60.17 0.85 16.53 3.13 3.45 3.12 6.02 3.23 2.3 0.2 1
1250.00 1000.00 99.999999 60.17 0.85 16.53 3.13 3.45 3.12 6.02 3.23 2.3 0.2 1
1250.00 990.00 99.999999 60.17 0.85 16.53 3.13 3.45 3.12 6.02 3.23 2.3 0.2 1
1250.00 980.00 99.999999 60.17 0.85 16.53 3.13 3.45 3.12 6.02 3.23 2.3 0.2 1
1250.00 970.00 99.999999 60.17 0.85 16.53 3.13 3.45 3.12 6.02 3.23 2.3 0.2 1
1250.00 960.00 99.999999 60.17 0.85 16.53 3.13 3.45 3.12 6.02 3.23 2.3 0.2 1
1250.00 950.00 99.999999 60.17 0.85 16.53 3.13 3.45 3.12 6.02 3.23 2.3 0.2 1
1250.00 940.00 99.999999 60.17 0.85 16.53 3.13 3.45 3.12 6.02 3.23 2.3 0.2 1
1250.00 930.00 99.999999 60.17 0.85 16.53 3.13 3.45 3.12 6.02 3.23 2.3 0.2 1
1250.00 920.00 99.999999 60.17 0.85 16.53 3.13 3.45 3.12 6.02 3.23 2.3 0.2 1
1250.00 910.00 99.999999 60.17 0.85 16.53 3.13 3.45 3.12 6.02 3.23 2.3 0.2 1
1250.00 900.00 99.999999 60.17 0.85 16.53 3.13 3.45 3.12 6.02 3.23 2.3 0.2 1
1250.00 890.00 99.999999 60.17 0.85 16.53 3.13 3.45 3.12 6.02 3.23 2.3 0.2 1
1250.00 880.00 99.999999 60.17 0.85 16.53 3.13 3.45 3.12 6.02 3.23 2.3 0.2 1
1250.00 870.00 99.999999 60.17 0.85 16.53 3.13 3.45 3.12 6.02 3.23 2.3 0.2 1
1250.00 860.00 99.999999 60.17 0.85 16.53 3.13 3.45 3.12 6.02 3.23 2.3 0.2 1
1250.00 850.00 99.999999 60.17 0.85 16.53 3.13 3.45 3.12 6.02 3.23 2.3 0.2 1
