Title:  SIO2_H

System Thermodynamic Data:
Pressure Temperature mass F phi S H V dVdP*10^6 dVdT*10^6 Cp logfO2(absolute) logfO2(absolute) rhol rhos viscosity aH2O chisqr
1250.00 1050.00 100.009998 1.0000000000000000 1.000000 274.658881 -1290233.612142 43.264236 -675.636592 5489.494432 140.984723 -7.743 -7.743 2.311609 0.000000 4.268 0.74874 0.000
1250.00 1040.00 100.009998 1.0000000000000000 1.000000 273.574223 -1291663.347712 43.209401 -672.849004 5477.461339 140.940509 -7.937 -7.937 2.314543 0.000000 4.339 0.746829 0.000
1250.00 1030.00 100.009998 1.0000000000000000 1.000000 272.482003 -1293092.128129 43.154687 -670.066678 5465.229370 140.894997 -8.134 -8.134 2.317477 0.000000 4.411 0.744923 0.000
1250.00 1020.00 100.009998 1.0000000000000000 1.000000 271.382112 -1294519.945509 43.100097 -667.289615 5452.798524 140.848163 -8.336 -8.336 2.320412 0.000000 4.485 0.743024 0.000
1250.00 1010.00 100.009998 1.0000000000000000 1.000000 270.274436 -1295946.791877 43.045632 -664.517814 5440.168801 140.799985 -8.542 -8.542 2.323348 0.000000 4.559 0.741134 0.000
1250.00 1000.00 100.009998 1.0000000000000000 1.000000 269.158860 -1297372.659165 42.991294 -661.751275 5427.340203 140.750436 -8.752 -8.752 2.326285 0.000000 4.635 0.739255 0.000
1250.00 990.00 100.009998 0.9861185860624809 0.987848 267.733672 -1299179.562487 42.917131 -656.074595 5397.727407 140.369885 -8.977 -8.977 2.326224 2.662047 4.695 0.754032 0.000
1250.00 980.00 100.009998 0.9668573780991693 0.970912 266.189625 -1301122.214775 42.834982 -649.219870 5361.671558 139.863703 -9.211 -9.211 2.325024 2.660225 4.748 0.776162 0.000
1250.00 970.00 100.009998 0.9450398206073272 0.951942 264.585656 -1303124.010084 42.742273 -641.929512 5322.211552 139.271092 -9.410 -9.410 2.322873 2.675887 4.806 0.80133 0.000
1250.00 960.00 100.009998 0.9199224513373153 0.930343 262.906015 -1305203.683913 42.636256 -634.091820 5278.333986 138.565827 -9.556 -9.556 2.319383 2.696559 4.868 0.830484 0.000
1250.00 950.00 100.009998 0.8961517109036219 0.909750 261.256198 -1307229.929383 42.533542 -626.453777 5236.097669 137.899939 -9.703 -9.703 2.316174 2.705616 4.928 0.859691 0.000
1250.00 940.00 100.009998 0.8736045896644268 0.890077 259.632718 -1309207.593020 42.433820 -618.998375 5195.328513 137.269449 -9.852 -9.852 2.313230 2.710020 4.987 0.888951 0.000
1250.00 930.00 100.009998 0.8521767112394197 0.871248 258.032547 -1311140.856816 42.336832 -611.711731 5155.876646 136.670920 -10.003 -10.003 2.310538 2.712142 5.044 0.918257 0.000
1250.00 920.00 100.009998 0.8317788938276923 0.853200 256.453046 -1313033.352840 42.242361 -604.582454 5117.612574 136.101377 -10.157 -10.157 2.308086 2.713007 5.099 0.947593 0.000
1250.00 910.00 100.009998 0.8208734619963679 0.846819 254.695030 -1315137.389519 42.072921 -602.740359 5085.365881 135.393480 -10.511 -10.511 2.304233 2.779682 5.257 0.956222 0.000
1250.00 900.00 100.009998 0.8023293043226593 0.830311 253.131866 -1316979.042834 41.978465 -596.037987 5048.390322 134.867657 -10.690 -10.690 2.302123 2.775276 5.318 0.984568 0.000
1250.00 890.00 100.009998 0.7774845486701818 0.802664 251.474380 -1318914.955902 42.065642 -796.790092 5321.429367 134.299531 -10.855 -10.855 2.302894 2.680830 5.418 1 0.000
1250.00 880.00 100.009998 0.7459647626887588 0.763652 249.719279 -1320947.656460 42.342966 -1217.312684 5947.373228 133.702512 -11.002 -11.002 2.307199 2.538658 5.569 1 0.000
1250.00 870.00 100.009998 0.7166355643440954 0.728003 248.000219 -1322921.424913 42.585565 -1598.670231 6547.079884 133.159246 -11.152 -11.152 2.311780 2.446592 5.723 1 0.000
1250.00 860.00 100.009998 0.6895059214409307 0.695603 246.315950 -1324838.404245 42.793676 -1940.445356 7117.257086 132.666152 -11.305 -11.305 2.316543 2.383839 5.881 1 0.000
1250.00 850.00 100.009998 0.6645375614920049 0.666296 244.664491 -1326701.523886 42.968257 -2243.116303 7655.759938 132.219464 -11.459 -11.459 2.321389 2.339798 6.041 1 0.000

Title:  SIO2_H

Liquid Composition:
Pressure Temperature mass SiO2 TiO2 Al2O3 Fe2O3 FeO MgO CaO Na2O K2O P2O5 H2O 
1250.00 1050.00 100.009998 61.6638 0.769923 16.1584 2.55974 2.81972 1.86981 5.05949 3.21968 2.70973 0.169983 2.9997
1250.00 1040.00 100.009998 61.6638 0.769923 16.1584 2.55974 2.81972 1.86981 5.05949 3.21968 2.70973 0.169983 2.9997
1250.00 1030.00 100.009998 61.6638 0.769923 16.1584 2.55974 2.81972 1.86981 5.05949 3.21968 2.70973 0.169983 2.9997
1250.00 1020.00 100.009998 61.6638 0.769923 16.1584 2.55974 2.81972 1.86981 5.05949 3.21968 2.70973 0.169983 2.9997
1250.00 1010.00 100.009998 61.6638 0.769923 16.1584 2.55974 2.81972 1.86981 5.05949 3.21968 2.70973 0.169983 2.9997
1250.00 1000.00 100.009998 61.6638 0.769923 16.1584 2.55974 2.81972 1.86981 5.05949 3.21968 2.70973 0.169983 2.9997
1250.00 990.00 98.621718 61.8095 0.780761 15.9477 2.59578 2.85941 1.89613 4.93779 3.21399 2.74466 0.172376 3.04193
1250.00 980.00 96.695404 62.0077 0.796315 15.6527 2.64749 2.91637 1.93391 4.77177 3.20109 2.79434 0.17581 3.10253
1250.00 970.00 94.513430 62.2204 0.814186 15.3755 2.70733 2.96763 1.90754 4.61154 3.1888 2.85304 0.179869 3.17415
1250.00 960.00 92.001442 62.4568 0.835169 15.1205 2.7784 3.01018 1.79385 4.45621 3.17915 2.92412 0.18478 3.26082
1250.00 950.00 89.624131 62.6802 0.856105 14.8694 2.84969 3.05311 1.68808 4.30931 3.1629 2.99427 0.189681 3.34731
1250.00 940.00 87.369193 62.891 0.877018 14.6221 2.9212 3.09643 1.58958 4.17059 3.14031 3.06351 0.194577 3.4337
1250.00 930.00 85.226191 63.0898 0.897926 14.3786 2.99296 3.14011 1.49776 4.03975 3.11168 3.13183 0.199469 3.52004
1250.00 920.00 83.186205 63.2773 0.918846 14.1388 3.06498 3.1841 1.4121 3.91647 3.07736 3.19925 0.204361 3.60637
1250.00 910.00 82.095553 63.423 0.839701 14.7911 3.04859 3.23243 1.27968 3.18827 3.09548 3.24035 0.207076 3.65428
1250.00 900.00 80.240952 63.587 0.844315 14.6146 3.11552 3.2797 1.20501 3.05202 3.04688 3.30428 0.211862 3.73874
1250.00 890.00 77.756228 63.8381 0.857767 14.3546 3.21304 3.35144 1.12888 2.91177 2.96626 3.39221 0.218632 3.7673
1250.00 880.00 74.603934 64.1839 0.882745 14.0055 3.34824 3.45389 1.05169 2.7694 2.84167 3.50797 0.22787 3.72713
1250.00 870.00 71.670721 64.5091 0.904599 13.6773 3.48414 3.55797 0.981018 2.63849 2.70477 3.62029 0.237196 3.68514
1250.00 860.00 68.957486 64.8162 0.922095 13.3701 3.61948 3.66237 0.916175 2.51785 2.55907 3.72798 0.246529 3.64215
1250.00 850.00 66.460400 65.1088 0.933663 13.0831 3.75303 3.76578 0.856551 2.40646 2.40795 3.82999 0.255791 3.59895
Title:  SIO2_H

liquid_1 thermodynamic data and composition:
Pressure Temperature mass S H V Cp viscosity SiO2 TiO2 Al2O3 Fe2O3 FeO MgO CaO Na2O K2O P2O5 H2O Mg#
1250.00 1050.00 5.241523 11.654350 -30300.146831 1.344385 7.038420 -0.839 18.4504 1.09157 0.0800986 38.7849 38.7471 2.17748 0.0776007 0.440893 0.00027143 0.00733486 0.142297 9.1
1250.00 1040.00 5.309858 11.750764 -30774.536624 1.359427 7.130285 -0.820 18.4543 1.10112 0.0773621 38.7579 38.7583 2.19261 0.0757649 0.435651 0.000254145 0.00720565 0.139516 9.2
1250.00 1030.00 5.376398 11.841416 -31241.026158 1.373957 7.219752 -0.801 18.4587 1.11088 0.07469 38.7297 38.7696 2.20807 0.0739581 0.430381 0.000237785 0.00707748 0.136756 9.2
1250.00 1020.00 5.441173 11.926402 -31699.728095 1.387985 7.306861 -0.781 18.4635 1.12083 0.0720816 38.7004 38.7809 2.22386 0.07218 0.425083 0.00022231 0.00695036 0.134015 9.3
1250.00 1010.00 5.504209 12.005823 -32150.758009 1.401521 7.391652 -0.761 18.4687 1.131 0.0695362 38.67 38.7923 2.23999 0.0704306 0.419756 0.000207682 0.0068243 0.131295 9.3
1250.00 1000.00 5.565537 12.079775 -32594.234540 1.414576 7.474163 -0.741 18.4743 1.14138 0.0670532 38.6384 38.8038 2.25647 0.0687098 0.414399 0.000193865 0.00669933 0.128596 9.4
1250.00 990.00 5.652680 12.210329 -33232.275703 1.434483 7.593632 -0.720 18.4948 1.18176 0.0632031 38.551 38.7911 2.31608 0.0664941 0.401099 0.000183479 0.00667628 0.127574 9.6
1250.00 980.00 5.747209 12.355535 -33936.729965 1.456348 7.724175 -0.697 18.5214 1.23616 0.0589905 38.4399 38.7662 2.39499 0.064161 0.384183 0.000174624 0.00669444 0.127207 9.9
1250.00 970.00 5.815212 12.438033 -34423.666139 1.470722 7.815696 -0.679 18.4999 1.30118 0.0545808 38.4253 38.7534 2.40212 0.0613479 0.368706 0.000164703 0.00667129 0.126618 9.9
1250.00 960.00 5.847429 12.437440 -34606.973631 1.474972 7.854227 -0.665 18.409 1.38216 0.04989 38.5511 38.755 2.30722 0.0578901 0.355288 0.000153407 0.00658986 0.125696 9.6
1250.00 950.00 5.876324 12.428680 -34775.244945 1.478369 7.888638 -0.651 18.3181 1.46679 0.0455993 38.6767 38.7484 2.21697 0.054678 0.34146 0.00014286 0.0065079 0.124668 9.3
1250.00 940.00 5.902222 12.412537 -34930.334882 1.480999 7.919358 -0.638 18.2272 1.55525 0.0416735 38.8021 38.7336 2.13109 0.0516962 0.327296 0.000133019 0.00642593 0.123541 8.9
1250.00 930.00 5.925402 12.389690 -35073.838039 1.482937 7.946755 -0.623 18.1363 1.64774 0.038081 38.9271 38.711 2.04931 0.0489298 0.312869 0.000123844 0.00634443 0.122321 8.6
1250.00 920.00 5.946109 12.360729 -35207.138694 1.484249 7.971149 -0.609 18.0451 1.74447 0.034793 39.0516 38.6806 1.9714 0.0463647 0.298254 0.000115294 0.00626387 0.121011 8.3
1250.00 910.00 5.927676 12.247593 -35047.765982 1.475345 7.930547 -0.581 18.0826 1.64794 0.0356822 38.8638 39.0906 1.84862 0.0362408 0.270632 9.93669e-05 0.00597533 0.117692 7.8
1250.00 900.00 5.942866 12.205556 -35145.038114 1.475320 7.946898 -0.565 18.0101 1.70819 0.0327899 38.9644 39.0984 1.77457 0.033718 0.25563 9.11975e-05 0.00584665 0.11616 7.5
1250.00 890.00 5.961904 12.169752 -35264.080526 1.476124 7.968604 -0.549 17.9285 1.78118 0.0298131 39.0831 39.0877 1.69792 0.0315095 0.240577 8.38526e-05 0.00582319 0.113719 7.2
1250.00 880.00 5.983752 12.137737 -35398.472666 1.477464 7.994329 -0.534 17.8355 1.87006 0.0267876 39.2233 39.0553 1.61846 0.0296387 0.224694 7.72111e-05 0.00592597 0.110302 6.9
1250.00 870.00 5.999993 12.093235 -35501.052252 1.477425 8.012759 -0.518 17.7454 1.9516 0.0240691 39.3632 39.0237 1.54293 0.0278815 0.208262 7.06955e-05 0.00601673 0.106933 6.6
1250.00 860.00 6.010877 12.036945 -35572.535668 1.476086 8.024202 -0.502 17.6591 2.02284 0.0216229 39.503 38.9947 1.47107 0.0262159 0.191677 6.43036e-05 0.00609066 0.103617 6.3
1250.00 850.00 6.016548 11.969322 -35612.738642 1.473503 8.028825 -0.485 17.5776 2.08003 0.0194144 39.6436 38.9702 1.40262 0.0246208 0.175313 5.80354e-05 0.00614229 0.100355 6.0

liquid_0 thermodynamic data and composition:
Pressure Temperature mass S H V Cp viscosity SiO2 TiO2 Al2O3 Fe2O3 FeO MgO CaO Na2O K2O P2O5 H2O Mg#
1250.00 1050.00 94.768475 263.004531 -1259933.465311 41.919851 133.946303 4.268 64.0539 0.752133 17.0477 0.556174 0.83262 1.8528 5.33504 3.37337 2.85959 0.178979 3.15774 79.9
1250.00 1040.00 94.700140 261.823458 -1260888.811087 41.849974 133.810224 4.339 64.0866 0.751352 17.0601 0.530108 0.804633 1.85171 5.33893 3.37578 2.86165 0.17911 3.16007 80.4
1250.00 1030.00 94.633599 260.640588 -1261851.101971 41.780730 133.675244 4.411 64.1184 0.750552 17.0721 0.504829 0.777306 1.8506 5.34274 3.37815 2.86366 0.179238 3.16235 80.9
1250.00 1020.00 94.568825 259.455710 -1262820.217414 41.712112 133.541302 4.485 64.1494 0.749733 17.0839 0.480333 0.750632 1.84944 5.34645 3.38047 2.86563 0.179363 3.16458 81.5
1250.00 1010.00 94.505789 258.268614 -1263796.033868 41.644111 133.408333 4.559 64.1796 0.748893 17.0954 0.456611 0.724602 1.84825 5.35007 3.38275 2.86754 0.179486 3.16676 82.0
1250.00 1000.00 94.444461 257.079085 -1264778.424625 41.576718 133.276273 4.635 64.209 0.748034 17.1066 0.433657 0.699208 1.84703 5.3536 3.38499 2.8694 0.179605 3.16889 82.5
1250.00 990.00 92.969038 252.359443 -1246529.890171 40.961140 131.092836 4.695 64.4431 0.756379 16.9135 0.409639 0.6747 1.8706 5.23397 3.38502 2.91153 0.182451 3.21912 83.2
1250.00 980.00 90.948196 246.304786 -1220796.384907 40.132651 128.123324 4.748 64.7556 0.76852 16.6381 0.385693 0.650947 1.90477 5.06926 3.37909 2.97091 0.186497 3.29054 83.9
1250.00 970.00 88.698218 239.709940 -1191861.406552 39.217441 124.790953 4.806 65.0868 0.782257 16.38 0.365591 0.621446 1.87512 4.90986 3.37369 3.04008 0.191224 3.37395 84.3
1250.00 960.00 86.154014 232.422511 -1158823.495234 38.191367 120.992386 4.868 65.4464 0.798043 16.1434 0.350446 0.584108 1.75901 4.75473 3.37081 3.12258 0.196874 3.4736 84.3
1250.00 950.00 83.747807 225.517318 -1127567.483621 37.216539 117.407943 4.928 65.7929 0.813255 15.9095 0.335815 0.54849 1.65097 4.60784 3.36087 3.20436 0.202534 3.57344 84.3
1250.00 940.00 81.466971 218.960091 -1097929.627452 36.288353 114.017687 4.987 66.1268 0.827881 15.6784 0.321659 0.514545 1.55035 4.469 3.34411 3.28545 0.208208 3.67352 84.3
1250.00 930.00 79.300789 212.721657 -1069771.210311 35.402924 110.804619 5.044 66.4488 0.8419 15.4501 0.307947 0.48223 1.45655 4.33795 3.32081 3.36584 0.2139 3.77392 84.3
1250.00 920.00 77.240096 206.776999 -1042973.920159 34.556952 107.754141 5.099 66.7594 0.855288 15.2246 0.294651 0.451497 1.36904 4.2144 3.2913 3.44553 0.219611 3.87468 84.4
1250.00 910.00 76.167877 203.264429 -1031723.011276 34.152795 106.037248 5.257 66.9516 0.776801 15.9395 0.261309 0.441804 1.2354 3.43357 3.31532 3.49252 0.222726 3.92951 83.3
1250.00 900.00 74.298086 197.832064 -1007516.039640 33.379873 103.280548 5.318 67.2326 0.775216 15.781 0.248082 0.414675 1.15946 3.29345 3.27014 3.56857 0.22834 4.0285 83.3
1250.00 890.00 71.794325 190.395168 -974633.105428 32.288445 99.552373 5.418 67.6505 0.781085 15.5441 0.234331 0.383844 1.08163 3.15095 3.19261 3.6739 0.236304 4.0707 83.4
1250.00 880.00 68.620182 180.835085 -932565.590439 30.857825 94.801796 5.569 68.2256 0.79665 15.2244 0.219895 0.349417 1.00227 3.00831 3.06987 3.81386 0.247224 4.04252 83.6
1250.00 870.00 65.670728 171.941460 -893487.949191 29.524976 90.399021 5.723 68.7817 0.80894 14.9247 0.206058 0.317657 0.929678 2.87701 2.93287 3.95105 0.258318 4.01206 83.9
1250.00 860.00 62.946608 163.714248 -857416.759920 28.291328 86.341300 5.881 69.3194 0.816983 14.6447 0.192902 0.288424 0.863188 2.75579 2.78513 4.08397 0.269489 3.98005 84.2
1250.00 850.00 60.443852 156.139795 -824305.590092 27.156082 82.619423 6.041 69.84 0.819555 14.3834 0.180504 0.261544 0.802195 2.64355 2.63019 4.21122 0.280641 3.9472 84.5

water thermodynamic data and composition:
Pressure Temperature mass S H V Cp formula
1250.00 890.00 0.070688 0.683189 -850.208017 0.281789 0.242494 H2O
1250.00 880.00 0.219418 2.114123 -2646.635556 0.862393 0.758371 H2O
1250.00 870.00 0.358836 3.446600 -4340.767265 1.390114 1.250028 H2O
1250.00 860.00 0.488467 4.676681 -5925.966359 1.864532 1.715692 H2O
1250.00 850.00 0.608124 5.803284 -7399.066701 2.286449 2.154524 H2O

feldspar_0 thermodynamic data and composition:
Pressure Temperature mass S H V Cp formula SiO2 TiO2 Al2O3 Fe2O3 FeO MgO CaO Na2O K2O P2O5 H2O
1250.00 990.00 1.388280 3.163900 -19417.396613 0.521509 1.683417 K0.01Na0.32Ca0.67Al1.67Si2.33O8 51.3169 0 31.1263 0 0 0 13.7054 3.62341 0.228052 0 0
1250.00 980.00 3.314594 7.529304 -46389.099903 1.245982 4.016204 K0.01Na0.33Ca0.65Al1.65Si2.35O8 51.6335 0 30.91 0 0 0 13.4531 3.76207 0.241293 0 0
1250.00 970.00 5.290615 11.977711 -74090.986735 1.990084 6.405533 K0.01Na0.34Ca0.64Al1.64Si2.36O8 51.9402 0 30.7004 0 0 0 13.2086 3.89577 0.255125 0 0
1250.00 960.00 7.333457 16.545436 -102764.771609 2.760189 8.871808 K0.02Na0.35Ca0.63Al1.63Si2.37O8 52.2327 0 30.5001 0 0 0 12.9751 4.02259 0.269515 0 0
1250.00 950.00 9.286392 20.877944 -130214.564034 3.497305 11.225374 K0.02Na0.36Ca0.62Al1.62Si2.38O8 52.5193 0 30.3037 0 0 0 12.7462 4.14643 0.284388 0 0
1250.00 940.00 11.156545 24.992491 -156538.182628 4.204004 13.475041 K0.02Na0.37Ca0.61Al1.61Si2.39O8 52.7991 0 30.1118 0 0 0 12.5226 4.26683 0.299724 0 0
1250.00 930.00 12.949860 28.903508 -181817.156971 4.882418 15.628182 K0.02Na0.38Ca0.60Al1.60Si2.40O8 53.0712 0 29.9249 0 0 0 12.3049 4.3834 0.315501 0 0
1250.00 920.00 14.671341 32.623186 -206119.993985 5.534329 17.691030 K0.02Na0.39Ca0.59Al1.59Si2.41O8 53.335 0 29.7436 0 0 0 12.0938 4.49589 0.331697 0 0
1250.00 910.00 13.207317 29.335699 -185548.297225 4.998258 15.933247 K0.02Na0.44Ca0.54Al1.54Si2.46O8 54.5548 0 28.9118 0 0 0 11.1229 5.03337 0.377165 0 0
1250.00 900.00 14.703117 32.536803 -206685.815151 5.568099 17.725087 K0.02Na0.45Ca0.53Al1.53Si2.47O8 54.876 0 28.6906 0 0 0 10.8654 5.16929 0.398654 0 0
1250.00 890.00 16.801496 37.049488 -236302.778466 6.368772 20.242945 K0.02Na0.47Ca0.51Al1.51Si2.49O8 55.2907 0 28.4041 0 0 0 10.5323 5.34228 0.430597 0 0
1250.00 880.00 19.528854 42.919420 -274774.023555 7.411493 23.518312 K0.03Na0.48Ca0.49Al1.49Si2.51O8 55.7931 0 28.0555 0 0 0 10.1276 5.54803 0.475806 0 0
1250.00 870.00 22.052270 48.293677 -310412.166239 8.378193 26.544610 K0.03Na0.50Ca0.47Al1.47Si2.53O8 56.2522 0 27.7357 0 0 0 9.75657 5.73265 0.522891 0 0
1250.00 860.00 24.370121 53.170961 -343192.754592 9.267699 29.320343 K0.03Na0.51Ca0.45Al1.45Si2.55O8 56.6695 0 27.4437 0 0 0 9.4183 5.89702 0.571513 0 0
1250.00 850.00 26.485394 57.560750 -373155.690855 10.080678 31.849808 K0.04Na0.53Ca0.44Al1.44Si2.56O8 57.0471 0 27.1781 0 0 0 9.11105 6.04235 0.621362 0 0

clinopyroxene_0 thermodynamic data and composition:
Pressure Temperature mass S H V Cp structure formula SiO2 TiO2 Al2O3 Fe2O3 FeO MgO CaO Na2O K2O P2O5 H2O
1250.00 910.00 4.319752 9.007058 -57652.759028 1.326754 5.010024 cpx Na0.02Ca0.88Fe''0.10Mg0.88Fe'''0.04Ti0.05Al0.19Si1.85O6 50.4869 1.83894 4.43339 1.28055 3.10964 16.0762 22.4528 0.321613 0 0 0
1250.00 900.00 4.475483 9.283212 -59759.304550 1.372764 5.181037 cpx Na0.02Ca0.88Fe''0.09Mg0.87Fe'''0.04Ti0.06Al0.20Si1.84O6 50.2486 2.02551 4.55733 1.27927 3.10035 15.9301 22.524 0.334857 0 0 0
1250.00 890.00 4.508610 9.302550 -60226.809819 1.381034 5.209611 cpx Na0.02Ca0.89Fe''0.09Mg0.86Fe'''0.04Ti0.06Al0.20Si1.83O6 50.0055 2.22418 4.67386 1.27924 3.09237 15.7851 22.5898 0.350007 0 0 0
1250.00 880.00 4.438777 9.109494 -59316.593757 1.357793 5.119362 cpx Na0.03Ca0.89Fe''0.09Mg0.86Fe'''0.04Ti0.07Al0.21Si1.83O6 49.7726 2.4253 4.77281 1.27934 3.08709 15.6472 22.649 0.366714 0 0 0
1250.00 870.00 4.422778 9.027308 -59123.019899 1.350903 5.090993 cpx Na0.03Ca0.89Fe''0.09Mg0.85Fe'''0.04Ti0.07Al0.21Si1.82O6 49.5035 2.64765 4.89899 1.28166 3.08038 15.4962 22.7079 0.383654 0 0 0
1250.00 860.00 4.451945 9.036506 -59530.141610 1.357602 5.114083 cpx Na0.03Ca0.90Fe''0.09Mg0.84Fe'''0.04Ti0.08Al0.22Si1.81O6 49.1877 2.89795 5.05976 1.28685 3.0719 15.3282 22.7667 0.400928 0 0 0
1250.00 850.00 4.517609 9.117879 -60421.099451 1.375098 5.178185 cpx Na0.03Ca0.90Fe''0.09Mg0.83Fe'''0.04Ti0.09Al0.23Si1.79O6 48.8077 3.18718 5.26685 1.29607 3.06102 15.1366 22.8259 0.418712 0 0 0

orthopyroxene_0 thermodynamic data and composition:
Pressure Temperature mass S H V Cp structure formula SiO2 TiO2 Al2O3 Fe2O3 FeO MgO CaO Na2O K2O P2O5 H2O
1250.00 970.00 0.205952 0.459972 -2747.950659 0.064026 0.258910 opx Na0.00Ca0.05Fe''0.21Mg1.69Fe'''0.02Ti0.01Al0.08Si1.95O6 56.0353 0.235573 1.86318 0.589396 7.37762 32.5889 1.28992 0.0201967 0 0 0
1250.00 960.00 0.675099 1.500628 -9008.443438 0.209728 0.847406 opx Na0.00Ca0.05Fe''0.22Mg1.69Fe'''0.01Ti0.01Al0.07Si1.95O6 56.0443 0.241818 1.81051 0.566994 7.49425 32.5329 1.28871 0.0204219 0 0 0
1250.00 950.00 1.099476 2.432257 -14672.636783 0.341329 1.377984 opx Na0.00Ca0.05Fe''0.22Mg1.69Fe'''0.01Ti0.01Al0.07Si1.95O6 56.0529 0.247681 1.75904 0.54504 7.61024 32.4768 1.28767 0.0206311 0 0 0
1250.00 940.00 1.484260 3.267600 -19809.448058 0.460464 1.857363 opx Na0.00Ca0.05Fe''0.22Mg1.68Fe'''0.01Ti0.01Al0.07Si1.95O6 56.0611 0.2531 1.70856 0.523479 7.72585 32.4201 1.28701 0.0208241 0 0 0
1250.00 930.00 1.833946 4.017692 -24478.651494 0.568553 2.291364 opx Na0.00Ca0.05Fe''0.23Mg1.68Fe'''0.01Ti0.01Al0.07Si1.95O6 56.0689 0.258009 1.65888 0.502265 7.84136 32.3626 1.28695 0.0210008 0 0 0
1250.00 920.00 2.152452 4.692131 -28732.300002 0.666832 2.685057 opx Na0.00Ca0.05Fe''0.23Mg1.68Fe'''0.01Ti0.01Al0.07Si1.95O6 56.0765 0.262341 1.60984 0.481365 7.95705 32.3041 1.28768 0.021161 0 0 0
1250.00 910.00 0.387375 0.840252 -5165.556008 0.119769 0.482414 opx Na0.00Ca0.04Fe''0.24Mg1.68Fe'''0.01Ti0.01Al0.08Si1.95O6 55.8591 0.311004 1.84927 0.497616 8.25843 32.2654 0.938166 0.0209908 0 0 0
1250.00 900.00 0.590445 1.274230 -7872.845379 0.182409 0.734087 opx Na0.00Ca0.03Fe''0.25Mg1.68Fe'''0.01Ti0.01Al0.07Si1.95O6 55.8555 0.315371 1.81353 0.478059 8.39728 32.2026 0.916614 0.0210543 0 0 0
1250.00 890.00 0.872976 1.874233 -11637.973647 0.269478 1.083504 opx Na0.00Ca0.03Fe''0.25Mg1.67Fe'''0.01Ti0.01Al0.07Si1.95O6 55.8634 0.3154 1.76023 0.456944 8.54858 32.1357 0.898628 0.0211663 0 0 0
1250.00 880.00 1.219015 2.603419 -16246.340487 0.375997 1.510343 opx Na0.00Ca0.03Fe''0.25Mg1.67Fe'''0.01Ti0.01Al0.07Si1.95O6 55.8833 0.310383 1.68848 0.434316 8.71442 32.0633 0.884524 0.0212959 0 0 0
1250.00 870.00 1.505393 3.197940 -20056.470067 0.463953 1.861835 opx Na0.00Ca0.03Fe''0.26Mg1.67Fe'''0.01Ti0.01Al0.07Si1.95O6 55.9024 0.303429 1.61878 0.412222 8.88382 31.9873 0.870777 0.0213324 0 0 0
1250.00 860.00 1.741979 3.680609 -23200.246096 0.536429 2.150531 opx Na0.00Ca0.03Fe''0.26Mg1.66Fe'''0.01Ti0.01Al0.06Si1.96O6 55.9206 0.294549 1.55108 0.390677 9.05664 31.9078 0.857445 0.0212769 0 0 0
1250.00 850.00 1.938471 4.073460 -25807.338143 0.596446 2.388699 opx Na0.00Ca0.03Fe''0.27Mg1.66Fe'''0.01Ti0.01Al0.06Si1.96O6 55.9383 0.283684 1.48506 0.36969 9.23228 31.8252 0.844636 0.0211318 0 0 0

Title:  SIO2_H

Phase Masses:
Pressure Temperature mass liquid_0 liquid_1 orthopyroxene_0 clinopyroxene_0 feldspar_0 water 
1250.00 1050.00 100.009998 94.768475 5.241523 0.000000 0.000000 0.000000 0.000000 
1250.00 1040.00 100.009998 94.700140 5.309858 0.000000 0.000000 0.000000 0.000000 
1250.00 1030.00 100.009998 94.633599 5.376398 0.000000 0.000000 0.000000 0.000000 
1250.00 1020.00 100.009998 94.568825 5.441173 0.000000 0.000000 0.000000 0.000000 
1250.00 1010.00 100.009998 94.505789 5.504209 0.000000 0.000000 0.000000 0.000000 
1250.00 1000.00 100.009998 94.444461 5.565537 0.000000 0.000000 0.000000 0.000000 
1250.00 990.00 100.009998 92.969038 5.652680 0.000000 0.000000 1.388280 0.000000 
1250.00 980.00 100.009998 90.948196 5.747209 0.000000 0.000000 3.314594 0.000000 
1250.00 970.00 100.009998 88.698218 5.815212 0.205952 0.000000 5.290615 0.000000 
1250.00 960.00 100.009998 86.154014 5.847429 0.675099 0.000000 7.333457 0.000000 
1250.00 950.00 100.009998 83.747807 5.876324 1.099476 0.000000 9.286392 0.000000 
1250.00 940.00 100.009998 81.466971 5.902222 1.484260 0.000000 11.156545 0.000000 
1250.00 930.00 100.009998 79.300789 5.925402 1.833946 0.000000 12.949860 0.000000 
1250.00 920.00 100.009998 77.240096 5.946109 2.152452 0.000000 14.671341 0.000000 
1250.00 910.00 100.009998 76.167877 5.927676 0.387375 4.319752 13.207317 0.000000 
1250.00 900.00 100.009998 74.298086 5.942866 0.590445 4.475483 14.703117 0.000000 
1250.00 890.00 100.009998 71.794325 5.961904 0.872976 4.508610 16.801496 0.070688 
1250.00 880.00 100.009998 68.620182 5.983752 1.219015 4.438777 19.528854 0.219418 
1250.00 870.00 100.009998 65.670728 5.999993 1.505393 4.422778 22.052270 0.358836 
1250.00 860.00 100.009998 62.946608 6.010877 1.741979 4.451945 24.370121 0.488467 
1250.00 850.00 100.009998 60.443852 6.016548 1.938471 4.517609 26.485394 0.608124 

Title:  SIO2_H

Phase Volumes:
Pressure Temperature mass V liquid_0 liquid_1 orthopyroxene_0 clinopyroxene_0 feldspar_0 water 
1250.00 1050.00 100.009998 43.264236 41.919851 1.344385 0.000000 0.000000 0.000000 0.000000 
1250.00 1040.00 100.009998 43.209401 41.849974 1.359427 0.000000 0.000000 0.000000 0.000000 
1250.00 1030.00 100.009998 43.154687 41.780730 1.373957 0.000000 0.000000 0.000000 0.000000 
1250.00 1020.00 100.009998 43.100097 41.712112 1.387985 0.000000 0.000000 0.000000 0.000000 
1250.00 1010.00 100.009998 43.045632 41.644111 1.401521 0.000000 0.000000 0.000000 0.000000 
1250.00 1000.00 100.009998 42.991294 41.576718 1.414576 0.000000 0.000000 0.000000 0.000000 
1250.00 990.00 100.009998 42.917131 40.961140 1.434483 0.000000 0.000000 0.521509 0.000000 
1250.00 980.00 100.009998 42.834982 40.132651 1.456348 0.000000 0.000000 1.245982 0.000000 
1250.00 970.00 100.009998 42.742273 39.217441 1.470722 0.064026 0.000000 1.990084 0.000000 
1250.00 960.00 100.009998 42.636256 38.191367 1.474972 0.209728 0.000000 2.760189 0.000000 
1250.00 950.00 100.009998 42.533542 37.216539 1.478369 0.341329 0.000000 3.497305 0.000000 
1250.00 940.00 100.009998 42.433820 36.288353 1.480999 0.460464 0.000000 4.204004 0.000000 
1250.00 930.00 100.009998 42.336832 35.402924 1.482937 0.568553 0.000000 4.882418 0.000000 
1250.00 920.00 100.009998 42.242361 34.556952 1.484249 0.666832 0.000000 5.534329 0.000000 
1250.00 910.00 100.009998 42.072921 34.152795 1.475345 0.119769 1.326754 4.998258 0.000000 
1250.00 900.00 100.009998 41.978465 33.379873 1.475320 0.182409 1.372764 5.568099 0.000000 
1250.00 890.00 100.009998 42.065642 32.288445 1.476124 0.269478 1.381034 6.368772 0.281789 
1250.00 880.00 100.009998 42.342966 30.857825 1.477464 0.375997 1.357793 7.411493 0.862393 
1250.00 870.00 100.009998 42.585565 29.524976 1.477425 0.463953 1.350903 8.378193 1.390114 
1250.00 860.00 100.009998 42.793676 28.291328 1.476086 0.536429 1.357602 9.267699 1.864532 
1250.00 850.00 100.009998 42.968257 27.156082 1.473503 0.596446 1.375098 10.080678 2.286449 

Title:  SIO2_H

Solid Composition:
Pressure Temperature mass SiO2 TiO2 Al2O3 Fe2O3 FeO MgO CaO Na2O K2O P2O5 H2O 
1250.00 1050.00 0.000000 ---
1250.00 1040.00 0.000000 ---
1250.00 1030.00 0.000000 ---
1250.00 1020.00 0.000000 ---
1250.00 1010.00 0.000000 ---
1250.00 1000.00 0.000000 ---
1250.00 990.00 1.388280 51.3169 1.06077e-14 31.1263 5.98629e-14 -7.18205e-13 -2.98397e-13 13.7054 3.62341 0.228052 -4.19773e-14 7.20348e-14
1250.00 980.00 3.314594 51.6335 5.22697e-16 30.91 -8.35764e-15 -3.00812e-13 -1.2498e-13 13.4531 3.76207 0.241293 4.18505e-14 2.26282e-14
1250.00 970.00 5.496567 52.0936 0.00882674 29.6199 0.0220842 0.276434 1.22108 12.762 3.75055 0.245566 -3.56021e-14 2.32755e-15
1250.00 960.00 8.008555 52.554 0.0203846 28.0817 0.047796 0.631744 2.74244 11.99 3.68522 0.246796 -3.29601e-14 -8.53617e-17
1250.00 950.00 10.385867 52.8934 0.0262202 27.2819 0.0576994 0.80564 3.43808 11.5332 3.70966 0.254282 1.33564e-14 2.40722e-15
1250.00 940.00 12.640805 53.1821 0.0297185 26.7767 0.0614659 0.907156 3.80671 11.2033 3.76827 0.264531 3.05501e-14 2.00871e-16
1250.00 930.00 14.783807 53.4431 0.0320062 26.4185 0.0623065 0.972729 4.01462 10.9381 3.84224 0.276363 -2.39287e-14 5.07334e-15
1250.00 920.00 16.823792 53.6858 0.0335641 26.1442 0.0615863 1.01803 4.13301 10.7112 3.92339 0.28926 -1.28677e-14 4.01119e-15
1250.00 910.00 17.914445 53.6021 0.450153 22.424 0.319542 0.928412 4.57418 13.6347 3.78883 0.278063 -1.8792e-15 3.48896e-16
1250.00 900.00 19.769046 53.8577 0.467971 22.4243 0.30389 0.952686 4.56818 13.2077 3.92107 0.296497 2.21804e-14 -2.62318e-15
1250.00 890.00 22.253770 54.0668 0.462991 22.4609 0.2771 0.961859 4.45868 12.5638 4.10514 0.325099 -3.84571e-14 0.317644
1250.00 880.00 25.406064 54.2637 0.438624 22.4803 0.244358 0.957485 4.2722 11.7843 4.32969 0.365737 2.76055e-14 0.863643
1250.00 870.00 28.339277 54.4681 0.429325 22.4332 0.22192 0.952652 4.1176 11.1823 4.52188 0.406889 1.15197e-14 1.26622
1250.00 860.00 31.052512 54.6634 0.431998 22.3503 0.20641 0.948471 3.98753 10.7036 4.68668 0.448525 7.18486e-15 1.57303
1250.00 850.00 33.549598 54.8396 0.44556 22.2505 0.195883 0.945615 3.87705 10.315 4.82767 0.490528 2.17122e-14 1.81261
Title:  SIO2_H

Bulk Composition:
Pressure Temperature mass SiO2 TiO2 Al2O3 Fe2O3 FeO MgO CaO Na2O K2O P2O5 H2O 
1250.00 1050.00 100.009998 61.6638 0.769923 16.1584 2.55974 2.81972 1.86981 5.05949 3.21968 2.70973 0.169983 2.9997
1250.00 1040.00 100.009998 61.6638 0.769923 16.1584 2.55974 2.81972 1.86981 5.05949 3.21968 2.70973 0.169983 2.9997
1250.00 1030.00 100.009998 61.6638 0.769923 16.1584 2.55974 2.81972 1.86981 5.05949 3.21968 2.70973 0.169983 2.9997
1250.00 1020.00 100.009998 61.6638 0.769923 16.1584 2.55974 2.81972 1.86981 5.05949 3.21968 2.70973 0.169983 2.9997
1250.00 1010.00 100.009998 61.6638 0.769923 16.1584 2.55974 2.81972 1.86981 5.05949 3.21968 2.70973 0.169983 2.9997
1250.00 1000.00 100.009998 61.6638 0.769923 16.1584 2.55974 2.81972 1.86981 5.05949 3.21968 2.70973 0.169983 2.9997
1250.00 990.00 100.009998 61.6638 0.769923 16.1584 2.55974 2.81972 1.86981 5.05949 3.21968 2.70973 0.169983 2.9997
1250.00 980.00 100.009998 61.6638 0.769923 16.1584 2.55974 2.81972 1.86981 5.05949 3.21968 2.70973 0.169983 2.9997
1250.00 970.00 100.009998 61.6638 0.769923 16.1584 2.55974 2.81972 1.86981 5.05949 3.21968 2.70973 0.169983 2.9997
1250.00 960.00 100.009998 61.6638 0.769923 16.1584 2.55974 2.81972 1.86981 5.05949 3.21968 2.70973 0.169983 2.9997
1250.00 950.00 100.009998 61.6638 0.769923 16.1584 2.55974 2.81972 1.86981 5.05949 3.21968 2.70973 0.169983 2.9997
1250.00 940.00 100.009998 61.6638 0.769923 16.1584 2.55974 2.81972 1.86981 5.05949 3.21968 2.70973 0.169983 2.9997
1250.00 930.00 100.009998 61.6638 0.769923 16.1584 2.55974 2.81972 1.86981 5.05949 3.21968 2.70973 0.169983 2.9997
1250.00 920.00 100.009998 61.6638 0.769923 16.1584 2.55974 2.81972 1.86981 5.05949 3.21968 2.70973 0.169983 2.9997
1250.00 910.00 100.009998 61.6638 0.769923 16.1584 2.55974 2.81972 1.86981 5.05949 3.21968 2.70973 0.169983 2.9997
1250.00 900.00 100.009998 61.6638 0.769923 16.1584 2.55974 2.81972 1.86981 5.05949 3.21968 2.70973 0.169983 2.9997
1250.00 890.00 100.009998 61.6638 0.769923 16.1584 2.55974 2.81972 1.86981 5.05949 3.21968 2.70973 0.169983 2.9997
1250.00 880.00 100.009998 61.6638 0.769923 16.1584 2.55974 2.81972 1.86981 5.05949 3.21968 2.70973 0.169983 2.9997
1250.00 870.00 100.009998 61.6638 0.769923 16.1584 2.55974 2.81972 1.86981 5.05949 3.21968 2.70973 0.169983 2.9997
1250.00 860.00 100.009998 61.6638 0.769923 16.1584 2.55974 2.81972 1.86981 5.05949 3.21968 2.70973 0.169983 2.9997
1250.00 850.00 100.009998 61.6638 0.769923 16.1584 2.55974 2.81972 1.86981 5.05949 3.21968 2.70973 0.169983 2.9997
