Title:  H2O_5

liquid_1 thermodynamic data and composition:
Pressure Temperature mass S H V Cp viscosity SiO2 TiO2 Al2O3 Fe2O3 FeO MgO CaO Na2O K2O P2O5 H2O Mg#
1250.00 1050.00 6.349669 14.187310 -37754.603583 1.641545 8.606999 -0.818 18.8435 1.20422 0.0925181 38.1393 37.7744 3.26049 0.0987695 0.40318 0.000306883 0.00886334 0.174385 13.3
1250.00 1040.00 6.426236 14.290361 -38309.923851 1.658287 8.711163 -0.799 18.8477 1.21629 0.0893328 38.1108 37.7822 3.28005 0.0964642 0.396997 0.000287905 0.00869959 0.171209 13.4
1250.00 1030.00 6.500945 14.387211 -38857.255566 1.674492 8.812835 -0.780 18.8523 1.22865 0.0862246 38.081 37.7899 3.30001 0.0941973 0.390787 0.000269921 0.00853733 0.168049 13.5
1250.00 1020.00 6.573825 14.477965 -39396.738022 1.690170 8.912061 -0.760 18.8574 1.24133 0.0831925 38.0501 37.7975 3.32041 0.0919684 0.384549 0.000252889 0.00837657 0.164905 13.5
1250.00 1010.00 6.601664 14.460350 -39522.605053 1.692665 8.941689 -0.746 18.7796 1.2628 0.079426 38.1833 37.8556 3.1988 0.0885009 0.382903 0.000232862 0.00812124 0.160856 13.1
1250.00 1000.00 6.623144 14.427317 -39601.535755 1.693411 8.962294 -0.732 18.6953 1.28593 0.0757361 38.3308 37.9117 3.06906 0.0850381 0.381539 0.000214001 0.00786743 0.156801 12.6
1250.00 990.00 6.642460 14.388884 -39672.600678 1.693639 8.980395 -0.718 18.6125 1.31007 0.0721984 38.4775 37.9607 2.94474 0.0817014 0.380015 0.000196594 0.0076246 0.152826 12.1
1250.00 980.00 6.682401 14.394389 -39870.084077 1.698988 9.026328 -0.705 18.514 1.3778 0.0670777 38.6304 37.9844 2.81348 0.0779105 0.378237 0.000183222 0.00761037 0.148878 11.7
1250.00 970.00 6.743680 14.444570 -40200.919492 1.709548 9.101241 -0.694 18.3939 1.50441 0.0603251 38.7936 37.9707 2.67568 0.0737204 0.374681 0.000174016 0.00788308 0.14494 11.2
1250.00 960.00 6.796394 14.474605 -40489.430537 1.717901 9.165408 -0.682 18.2729 1.63667 0.0542531 38.9591 37.9413 2.54761 0.0699484 0.368903 0.000165286 0.00816453 0.141068 10.7
1250.00 950.00 6.841938 14.487687 -40743.299287 1.724406 9.220667 -0.671 18.1506 1.77474 0.0487709 39.1268 37.8974 2.42825 0.0665796 0.360935 0.000157008 0.00845822 0.137257 10.3
1250.00 940.00 6.881209 14.485907 -40967.291640 1.729298 9.268189 -0.660 18.027 1.91863 0.0438078 39.297 37.8399 2.31673 0.0635971 0.350861 0.000149139 0.00876643 0.133501 9.8
1250.00 930.00 6.793746 14.210189 -40295.624532 1.701370 9.123858 -0.629 18.0985 1.68462 0.0475759 39.0552 38.4785 2.14551 0.0451082 0.308034 0.00012093 0.00827459 0.128503 9.0
1250.00 920.00 6.828352 14.196603 -40487.871843 1.705160 9.165249 -0.616 17.9906 1.78476 0.042775 39.2215 38.444 2.04544 0.0425926 0.294791 0.000113117 0.00851527 0.124817 8.7
1250.00 910.00 6.856179 14.167361 -40642.644509 1.707225 9.197928 -0.603 17.8838 1.88126 0.0384362 39.3895 38.4062 1.95081 0.0402779 0.27965 0.000105361 0.0087543 0.12117 8.3
1250.00 900.00 6.877432 14.123125 -40760.408478 1.707638 9.222114 -0.590 17.7789 1.97178 0.034522 39.5586 38.3672 1.86112 0.0381297 0.263005 9.76212e-05 0.00898433 0.117564 8.0
1250.00 890.00 6.892416 14.064767 -40842.304629 1.706497 9.238172 -0.576 17.6769 2.05392 0.0309957 39.7286 38.3289 1.776 0.0361174 0.245311 8.98907e-05 0.00919743 0.114006 7.6
1250.00 880.00 6.901526 13.993345 -40890.094243 1.703923 9.246598 -0.562 17.5786 2.12535 0.0278214 39.8991 38.2928 1.69511 0.0342145 0.227047 8.21934e-05 0.00938562 0.110501 7.3
1250.00 870.00 6.905219 13.910024 -40905.950680 1.700054 9.247982 -0.547 17.4849 2.18382 0.024964 40.0701 38.2603 1.6182 0.0323991 0.208674 7.45774e-05 0.00954144 0.107055 7.0
1250.00 860.00 6.903981 13.815993 -40892.213447 1.695030 9.242952 -0.532 17.3963 2.2272 0.0223895 40.242 38.2324 1.54508 0.0306533 0.190606 6.71063e-05 0.00965821 0.10367 6.7
1250.00 850.00 6.898296 13.712412 -40851.223965 1.688988 9.232145 -0.516 17.3136 2.25351 0.0200662 40.4149 38.2101 1.47556 0.0289639 0.173185 5.98513e-05 0.00973037 0.10035 6.4

liquid_0 thermodynamic data and composition:
Pressure Temperature mass S H V Cp viscosity SiO2 TiO2 Al2O3 Fe2O3 FeO MgO CaO Na2O K2O P2O5 H2O Mg#
1250.00 1050.00 92.338236 262.219077 -1224478.287023 41.208482 133.478102 3.563 61.2352 0.805231 17.1696 0.637091 0.987078 3.02472 6.2528 3.3295 2.39335 0.205156 3.96026 84.5
1250.00 1040.00 92.273829 261.141028 -1225509.719803 41.146171 133.363210 3.622 61.262 0.803953 17.1818 0.607877 0.95588 3.02276 6.25725 3.33192 2.39503 0.205303 3.97628 84.9
1250.00 1030.00 92.211499 260.063140 -1226551.474876 41.084577 133.250146 3.681 61.2878 0.80264 17.1935 0.579508 0.925372 3.02074 6.26156 3.33429 2.39665 0.205446 3.99247 85.3
1250.00 1020.00 92.151215 258.985172 -1227603.418980 41.023684 133.138842 3.741 61.3126 0.801289 17.2049 0.551979 0.895546 3.01865 6.26574 3.3366 2.39821 0.205585 4.00884 85.7
1250.00 1010.00 91.664552 256.750578 -1222902.425208 40.795821 132.310842 3.815 61.3555 0.802226 17.286 0.530123 0.853371 2.87449 6.29294 3.35424 2.41095 0.206693 4.03341 85.7
1250.00 1000.00 91.163777 254.482444 -1217974.910190 40.562629 131.458240 3.891 61.3982 0.80312 17.3701 0.509656 0.811157 2.72406 6.32044 3.37258 2.42419 0.207845 4.05868 85.7
1250.00 990.00 90.688872 252.288311 -1213360.318504 40.339741 130.648114 3.968 61.4387 0.803752 17.4506 0.490093 0.770131 2.58086 6.34595 3.39018 2.43689 0.208949 4.0839 85.7
1250.00 980.00 88.207136 244.498821 -1181614.901456 39.262792 126.763545 4.069 61.7974 0.818234 17.3094 0.470038 0.720247 2.40836 6.22213 3.43358 2.50257 0.214826 4.10316 85.6
1250.00 970.00 83.454624 230.403076 -1119061.791842 37.212479 119.423389 4.200 62.5457 0.850171 16.8908 0.449144 0.660713 2.20776 5.92537 3.49469 2.6373 0.227032 4.11136 85.6
1250.00 960.00 79.086263 217.412126 -1061526.481319 35.316095 112.704209 4.330 63.2667 0.881567 16.477 0.42901 0.605033 2.02784 5.65294 3.53238 2.77333 0.239542 4.11467 85.7
1250.00 950.00 75.028088 205.318064 -1008031.879339 33.543478 106.488887 4.461 63.9634 0.912725 16.0674 0.409468 0.552993 1.86605 5.40525 3.54587 2.91144 0.252467 4.11303 85.7
1250.00 940.00 71.233625 193.991318 -957967.209054 31.876250 100.702513 4.591 64.6378 0.943836 15.6616 0.390419 0.50442 1.72025 5.1825 3.53491 3.05197 0.265881 4.10642 85.9
1250.00 930.00 70.490551 191.409164 -952532.794177 31.651215 99.393190 4.794 64.8322 0.78413 17.0181 0.340143 0.495105 1.51062 3.89188 3.60922 3.08921 0.268742 4.16062 84.5
1250.00 920.00 66.829572 180.468430 -904011.107128 30.021879 93.865639 4.936 65.4829 0.800834 16.6398 0.322246 0.450523 1.39488 3.70295 3.54159 3.23764 0.283435 4.14319 84.7
1250.00 910.00 63.382557 170.164416 -858303.344573 28.481268 88.681959 5.082 66.1156 0.815664 16.2776 0.304696 0.409076 1.28974 3.53133 3.44781 3.38858 0.29882 4.1211 84.9
1250.00 900.00 60.162502 160.534705 -815595.710885 27.036915 83.856705 5.231 66.7296 0.827924 15.9337 0.287587 0.370723 1.19407 3.3754 3.3309 3.5403 0.314784 4.09504 85.2
1250.00 890.00 57.178984 151.605994 -776027.021053 25.694628 79.399547 5.384 67.3241 0.836893 15.6098 0.271035 0.335387 1.10686 3.23348 3.19459 3.69084 0.331181 4.06581 85.5
1250.00 880.00 54.435890 143.387791 -739658.127690 24.457437 75.312064 5.539 67.8988 0.841866 15.3065 0.255161 0.302952 1.02725 3.10396 3.0431 3.83826 0.347844 4.03428 85.8
1250.00 870.00 51.930869 135.871090 -706464.542013 23.325340 71.587055 5.698 68.4538 0.842176 15.0235 0.24007 0.273271 0.954455 2.9853 2.88072 3.98076 0.364602 4.00129 86.2
1250.00 860.00 49.655939 129.030402 -676344.765414 22.295584 68.209515 5.859 68.9896 0.837216 14.76 0.225848 0.246173 0.887794 2.87609 2.71158 4.11681 0.38129 3.96759 86.5
1250.00 850.00 47.598715 122.827499 -649136.809850 21.363228 65.158464 6.022 69.5071 0.826461 14.5143 0.212552 0.221469 0.826658 2.77516 2.53946 4.24522 0.39776 3.93388 86.9

clinopyroxene_0 thermodynamic data and composition:
Pressure Temperature mass S H V Cp structure formula SiO2 TiO2 Al2O3 Fe2O3 FeO MgO CaO Na2O K2O P2O5 H2O
1250.00 930.00 7.096143 14.939820 -94599.915730 2.179165 8.244098 cpx Na0.02Ca0.88Fe''0.09Mg0.87Fe'''0.04Ti0.06Al0.21Si1.83O6 49.9539 2.0353 4.93251 1.47208 2.84603 16.0039 22.4481 0.3082 0 0 0
1250.00 920.00 6.869223 14.388455 -91614.496255 2.106883 7.966665 cpx Na0.02Ca0.88Fe''0.09Mg0.87Fe'''0.04Ti0.06Al0.22Si1.82O6 49.7632 2.21538 4.99247 1.4725 2.83793 15.8839 22.5099 0.324739 0 0 0
1250.00 910.00 6.706867 13.975860 -89486.802158 2.054445 7.764617 cpx Na0.02Ca0.89Fe''0.09Mg0.86Fe'''0.04Ti0.07Al0.22Si1.82O6 49.5542 2.40571 5.06703 1.47416 2.82841 15.7585 22.5708 0.341168 0 0 0
1250.00 900.00 6.605026 13.691593 -88164.038249 2.020543 7.632899 cpx Na0.03Ca0.89Fe''0.09Mg0.85Fe'''0.04Ti0.07Al0.22Si1.81O6 49.3265 2.60608 5.15708 1.47676 2.8178 15.6274 22.631 0.357363 0 0 0
1250.00 890.00 6.557044 13.519967 -87558.410043 2.003073 7.563458 cpx Na0.03Ca0.89Fe''0.09Mg0.85Fe'''0.04Ti0.08Al0.23Si1.80O6 49.0792 2.81668 5.26372 1.4801 2.80632 15.4904 22.6903 0.37322 0 0 0
1250.00 880.00 6.554778 13.442498 -87562.032289 1.999474 7.546562 cpx Na0.03Ca0.90Fe''0.09Mg0.84Fe'''0.04Ti0.08Al0.23Si1.79O6 48.8109 3.03825 5.38845 1.48406 2.79402 15.3469 22.7488 0.388662 0 0 0
1250.00 870.00 6.589609 13.440044 -88060.319470 2.007047 7.571977 cpx Na0.03Ca0.90Fe''0.09Mg0.83Fe'''0.04Ti0.09Al0.24Si1.78O6 48.5189 3.27224 5.5333 1.48859 2.78085 15.196 22.8065 0.403636 0 0 0
1250.00 860.00 6.653194 13.494371 -88942.085290 2.023179 7.629838 cpx Na0.03Ca0.90Fe''0.09Mg0.82Fe'''0.04Ti0.10Al0.25Si1.77O6 48.1999 3.5207 5.70075 1.49373 2.76667 15.0367 22.8635 0.418107 0 0 0
1250.00 850.00 6.737929 13.589084 -90105.844300 2.045494 7.711192 cpx Na0.03Ca0.90Fe''0.08Mg0.82Fe'''0.04Ti0.10Al0.26Si1.76O6 47.8501 3.78598 5.89351 1.49954 2.75131 14.8678 22.9198 0.432039 0 0 0

orthopyroxene_0 thermodynamic data and composition:
Pressure Temperature mass S H V Cp structure formula SiO2 TiO2 Al2O3 Fe2O3 FeO MgO CaO Na2O K2O P2O5 H2O
1250.00 1010.00 0.461609 1.050996 -6190.635105 0.144218 0.585340 opx Na0.00Ca0.05Fe''0.18Mg1.72Fe'''0.02Ti0.01Al0.08Si1.94O6 56.0973 0.276817 2.08249 0.722452 6.20964 33.3473 1.24787 0.0161287 0 0 0
1250.00 1000.00 0.943511 2.138535 -12654.002253 0.294540 1.194320 opx Na0.00Ca0.05Fe''0.18Mg1.71Fe'''0.02Ti0.01Al0.09Si1.94O6 56.0552 0.283716 2.09386 0.707206 6.3141 33.2133 1.31578 0.0168089 0 0 0
1250.00 990.00 1.402463 3.164315 -18809.651672 0.437462 1.772102 opx Na0.00Ca0.05Fe''0.19Mg1.71Fe'''0.02Ti0.01Al0.09Si1.94O6 56.0144 0.289856 2.1022 0.690944 6.42107 33.0736 1.39033 0.0175316 0 0 0
1250.00 980.00 2.085822 4.684348 -27974.386104 0.650126 2.631109 opx Na0.00Ca0.05Fe''0.19Mg1.70Fe'''0.02Ti0.01Al0.08Si1.94O6 56.0031 0.296711 2.06867 0.669024 6.54045 32.9675 1.4362 0.0183063 0 0 0
1250.00 970.00 2.968594 6.635486 -39814.033009 0.924642 3.738955 opx Na0.00Ca0.05Fe''0.19Mg1.70Fe'''0.02Ti0.01Al0.08Si1.94O6 56.0281 0.304518 1.98706 0.641742 6.66926 32.9139 1.43636 0.0190757 0 0 0
1250.00 960.00 3.721912 8.279764 -49919.208100 1.158507 4.680636 opx Na0.00Ca0.05Fe''0.20Mg1.70Fe'''0.02Ti0.01Al0.08Si1.95O6 56.0539 0.310799 1.90738 0.615281 6.79385 32.8625 1.43647 0.0198058 0 0 0
1250.00 950.00 4.369751 9.674234 -58611.683849 1.359270 5.486976 opx Na0.00Ca0.05Fe''0.20Mg1.70Fe'''0.02Ti0.01Al0.07Si1.95O6 56.0813 0.315196 1.82829 0.58927 6.91538 32.8119 1.43814 0.02049 0 0 0
1250.00 940.00 4.930267 10.862132 -66134.689502 1.532651 6.181293 opx Na0.00Ca0.05Fe''0.20Mg1.70Fe'''0.01Ti0.01Al0.07Si1.95O6 56.1108 0.317351 1.74875 0.563421 7.03498 32.7606 1.443 0.0211217 0 0 0
1250.00 930.00 1.991427 4.367244 -26701.217087 0.617555 2.493845 opx Na0.00Ca0.03Fe''0.21Mg1.70Fe'''0.02Ti0.01Al0.09Si1.94O6 55.7201 0.421088 2.23705 0.625501 7.27661 32.8274 0.871769 0.0205016 0 0 0
1250.00 920.00 2.552558 5.570016 -34227.660216 0.791068 3.191686 opx Na0.00Ca0.03Fe''0.22Mg1.70Fe'''0.02Ti0.01Al0.09Si1.94O6 55.7552 0.421427 2.15449 0.599779 7.3996 32.7919 0.85661 0.0209311 0 0 0
1250.00 910.00 3.028115 6.574549 -40607.590527 0.937867 3.780506 opx Na0.00Ca0.03Fe''0.22Mg1.70Fe'''0.02Ti0.01Al0.08Si1.94O6 55.7922 0.418762 2.07243 0.574308 7.52346 32.7555 0.842011 0.0212655 0 0 0
1250.00 900.00 3.427587 7.404043 -45967.710844 1.060938 4.272590 opx Na0.00Ca0.03Fe''0.22Mg1.70Fe'''0.01Ti0.01Al0.08Si1.94O6 55.8307 0.41311 1.99124 0.549108 7.64872 32.7177 0.828005 0.0214987 0 0 0
1250.00 890.00 3.760902 8.082262 -50440.729023 1.163395 4.680703 opx Na0.00Ca0.03Fe''0.23Mg1.70Fe'''0.01Ti0.01Al0.08Si1.94O6 55.8701 0.404617 1.9113 0.524232 7.77556 32.678 0.814579 0.0216283 0 0 0
1250.00 880.00 4.038016 8.632620 -54159.924375 1.248355 5.017580 opx Na0.00Ca0.03Fe''0.23Mg1.69Fe'''0.01Ti0.01Al0.08Si1.95O6 55.9101 0.393524 1.83295 0.49975 7.90381 32.6365 0.801693 0.0216552 0 0 0
1250.00 870.00 4.268488 9.077270 -57253.464501 1.318802 5.295399 opx Na0.00Ca0.03Fe''0.23Mg1.69Fe'''0.01Ti0.01Al0.07Si1.95O6 55.9504 0.380112 1.75644 0.475734 8.03296 32.5934 0.789299 0.0215829 0 0 0
1250.00 860.00 4.461138 9.436395 -59839.827210 1.377489 5.525359 opx Na0.00Ca0.03Fe''0.24Mg1.69Fe'''0.01Ti0.01Al0.07Si1.95O6 55.9909 0.364664 1.68188 0.452248 8.1623 32.5492 0.777363 0.0214177 0 0 0
1250.00 850.00 4.623821 9.727765 -62024.722646 1.426864 5.717403 opx Na0.00Ca0.03Fe''0.24Mg1.69Fe'''0.01Ti0.01Al0.07Si1.95O6 56.0315 0.347437 1.60926 0.42934 8.29087 32.5045 0.765874 0.0211672 0 0 0

water thermodynamic data and composition:
Pressure Temperature mass S H V Cp formula
1250.00 1050.00 1.332096 13.437831 -15323.348199 6.439468 4.214700 H2O
1250.00 1040.00 1.319936 13.283431 -15225.304454 6.313839 4.190365 H2O
1250.00 1030.00 1.307558 13.127068 -15124.102392 6.188046 4.165857 H2O
1250.00 1020.00 1.294961 12.968759 -15019.728968 6.062125 4.141190 H2O
1250.00 1010.00 1.292176 12.908733 -15028.838523 5.982555 4.148584 H2O
1250.00 1000.00 1.289570 12.850240 -15040.016320 5.903704 4.157393 H2O
1250.00 990.00 1.286207 12.783952 -15042.340265 5.821301 4.164639 H2O
1250.00 980.00 1.370771 13.589106 -16075.820752 6.132199 4.458813 H2O
1250.00 970.00 1.559109 15.415462 -18335.404575 6.892528 5.095893 H2O
1250.00 960.00 1.736271 17.121170 -20475.746969 7.583603 5.703707 H2O
1250.00 950.00 1.904683 18.730782 -22524.557794 8.217484 6.290285 H2O
1250.00 940.00 2.065660 20.257681 -24496.658739 8.800981 6.860114 H2O
1250.00 930.00 2.058429 20.130021 -24479.470077 8.658817 6.876320 H2O
1250.00 920.00 2.222602 21.673365 -26506.344979 9.228365 7.470646 H2O
1250.00 910.00 2.379635 23.137105 -28459.324105 9.749880 8.050398 H2O
1250.00 900.00 2.528237 24.509115 -30322.357355 10.219128 8.611452 H2O
1250.00 890.00 2.667351 25.779653 -32081.990486 10.633090 9.150346 H2O
1250.00 880.00 2.796276 26.942563 -33728.940518 10.990409 9.664738 H2O
1250.00 870.00 2.914705 27.995566 -35258.584776 11.291427 10.153555 H2O
1250.00 860.00 3.022697 28.939918 -36670.661237 11.537967 10.616928 H2O
1250.00 850.00 3.120603 29.779720 -37968.521961 11.732978 11.056000 H2O

feldspar_0 thermodynamic data and composition:
Pressure Temperature mass S H V Cp formula SiO2 TiO2 Al2O3 Fe2O3 FeO MgO CaO Na2O K2O P2O5 H2O
1250.00 980.00 1.673871 3.774248 -23467.990025 0.624943 2.022456 K0.01Na0.24Ca0.75Al1.75Si2.25O8 49.2856 0 32.5117 0 0 0 15.3223 2.72876 0.151664 0 0
1250.00 970.00 5.293994 11.907611 -74255.551825 1.979326 6.393381 K0.01Na0.26Ca0.73Al1.73Si2.27O8 49.8501 0 32.1272 0 0 0 14.8734 2.97861 0.170773 0 0
1250.00 960.00 8.679161 19.473090 -121789.472886 3.249666 10.476636 K0.01Na0.29Ca0.70Al1.70Si2.30O8 50.4263 0 31.7343 0 0 0 14.4148 3.23265 0.19202 0 0
1250.00 950.00 11.875542 26.576366 -166712.878662 4.452878 14.328353 K0.01Na0.31Ca0.68Al1.68Si2.32O8 51.0044 0 31.3396 0 0 0 13.9543 3.48624 0.2155 0 0
1250.00 940.00 14.909240 33.276494 -209389.549036 5.598293 17.980159 K0.01Na0.33Ca0.66Al1.66Si2.34O8 51.5736 0 30.9504 0 0 0 13.5004 3.73442 0.241219 0 0
1250.00 930.00 11.589705 25.870573 -162736.820682 4.370007 13.988954 K0.02Na0.39Ca0.60Al1.60Si2.40O8 53.1113 0 29.9061 0 0 0 12.28 4.42318 0.279461 0 0
1250.00 920.00 14.717695 32.763578 -206734.817841 5.558011 17.757802 K0.02Na0.41Ca0.57Al1.57Si2.43O8 53.7319 0 29.4802 0 0 0 11.7838 4.68959 0.31454 0 0
1250.00 910.00 17.666649 39.213823 -248253.770644 6.681167 21.307015 K0.02Na0.43Ca0.55Al1.55Si2.45O8 54.3121 0 29.0809 0 0 0 11.319 4.93579 0.352202 0 0
1250.00 900.00 20.419218 45.182457 -287049.906664 7.732136 24.615455 K0.02Na0.45Ca0.53Al1.53Si2.47O8 54.8475 0 28.7113 0 0 0 10.8892 5.15995 0.392089 0 0
1250.00 890.00 22.963306 50.643404 -322952.791784 8.705607 27.668509 K0.02Na0.47Ca0.51Al1.51Si2.49O8 55.3362 0 28.3727 0 0 0 10.4958 5.36147 0.43378 0 0
1250.00 880.00 25.293516 55.586498 -355885.444516 9.598883 30.459853 K0.03Na0.48Ca0.49Al1.49Si2.51O8 55.7786 0 28.0651 0 0 0 10.1388 5.54072 0.476826 0 0
1250.00 870.00 27.411111 60.017179 -385863.897537 10.411899 32.991428 K0.03Na0.50Ca0.47Al1.47Si2.53O8 56.1762 0 27.7874 0 0 0 9.8169 5.69875 0.520787 0 0
1250.00 860.00 29.323053 63.954084 -412983.809770 11.146865 35.272268 K0.03Na0.51Ca0.46Al1.46Si2.54O8 56.5319 0 27.5378 0 0 0 9.528 5.83707 0.565264 0 0
1250.00 850.00 31.040636 67.425724 -437401.412324 11.807747 37.316842 K0.03Na0.52Ca0.45Al1.45Si2.55O8 56.8489 0 27.3142 0 0 0 9.26957 5.9574 0.609923 0 0
