Title:  SIO2_H

liquid_1 thermodynamic data and composition:
Pressure Temperature mass S H V Cp viscosity SiO2 TiO2 Al2O3 Fe2O3 FeO MgO CaO Na2O K2O P2O5 H2O Mg#
1250.00 1050.00 5.241523 11.654350 -30300.146831 1.344385 7.038420 -0.839 18.4504 1.09157 0.0800986 38.7849 38.7471 2.17748 0.0776007 0.440893 0.00027143 0.00733486 0.142297 9.1
1250.00 1040.00 5.309858 11.750764 -30774.536624 1.359427 7.130285 -0.820 18.4543 1.10112 0.0773621 38.7579 38.7583 2.19261 0.0757649 0.435651 0.000254145 0.00720565 0.139516 9.2
1250.00 1030.00 5.376398 11.841416 -31241.026158 1.373957 7.219752 -0.801 18.4587 1.11088 0.07469 38.7297 38.7696 2.20807 0.0739581 0.430381 0.000237785 0.00707748 0.136756 9.2
1250.00 1020.00 5.441173 11.926402 -31699.728095 1.387985 7.306861 -0.781 18.4635 1.12083 0.0720816 38.7004 38.7809 2.22386 0.07218 0.425083 0.00022231 0.00695036 0.134015 9.3
1250.00 1010.00 5.504209 12.005823 -32150.758009 1.401521 7.391652 -0.761 18.4687 1.131 0.0695362 38.67 38.7923 2.23999 0.0704306 0.419756 0.000207682 0.0068243 0.131295 9.3
1250.00 1000.00 5.565537 12.079775 -32594.234540 1.414576 7.474163 -0.741 18.4743 1.14138 0.0670532 38.6384 38.8038 2.25647 0.0687098 0.414399 0.000193865 0.00669933 0.128596 9.4
1250.00 990.00 5.652680 12.210329 -33232.275703 1.434483 7.593632 -0.720 18.4948 1.18176 0.0632031 38.551 38.7911 2.31608 0.0664941 0.401099 0.000183479 0.00667628 0.127574 9.6
1250.00 980.00 5.747209 12.355535 -33936.729965 1.456348 7.724175 -0.697 18.5214 1.23616 0.0589905 38.4399 38.7662 2.39499 0.064161 0.384183 0.000174624 0.00669444 0.127207 9.9
1250.00 970.00 5.815212 12.438033 -34423.666139 1.470722 7.815696 -0.679 18.4999 1.30118 0.0545808 38.4253 38.7534 2.40212 0.0613479 0.368706 0.000164703 0.00667129 0.126618 9.9
1250.00 960.00 5.847429 12.437440 -34606.973631 1.474972 7.854227 -0.665 18.409 1.38216 0.04989 38.5511 38.755 2.30722 0.0578901 0.355288 0.000153407 0.00658986 0.125696 9.6
1250.00 950.00 5.876324 12.428680 -34775.244945 1.478369 7.888638 -0.651 18.3181 1.46679 0.0455993 38.6767 38.7484 2.21697 0.054678 0.34146 0.00014286 0.0065079 0.124668 9.3
1250.00 940.00 5.902222 12.412537 -34930.334882 1.480999 7.919358 -0.638 18.2272 1.55525 0.0416735 38.8021 38.7336 2.13109 0.0516962 0.327296 0.000133019 0.00642593 0.123541 8.9
1250.00 930.00 5.925402 12.389690 -35073.838039 1.482937 7.946755 -0.623 18.1363 1.64774 0.038081 38.9271 38.711 2.04931 0.0489298 0.312869 0.000123844 0.00634443 0.122321 8.6
1250.00 920.00 5.946109 12.360729 -35207.138694 1.484249 7.971149 -0.609 18.0451 1.74447 0.034793 39.0516 38.6806 1.9714 0.0463647 0.298254 0.000115294 0.00626387 0.121011 8.3
1250.00 910.00 5.927676 12.247593 -35047.765982 1.475345 7.930547 -0.581 18.0826 1.64794 0.0356822 38.8638 39.0906 1.84862 0.0362408 0.270632 9.93669e-05 0.00597533 0.117692 7.8
1250.00 900.00 5.942866 12.205556 -35145.038114 1.475320 7.946898 -0.565 18.0101 1.70819 0.0327899 38.9644 39.0984 1.77457 0.033718 0.25563 9.11975e-05 0.00584665 0.11616 7.5
1250.00 890.00 5.961904 12.169752 -35264.080526 1.476124 7.968604 -0.549 17.9285 1.78118 0.0298131 39.0831 39.0877 1.69792 0.0315095 0.240577 8.38526e-05 0.00582319 0.113719 7.2
1250.00 880.00 5.983752 12.137737 -35398.472666 1.477464 7.994329 -0.534 17.8355 1.87006 0.0267876 39.2233 39.0553 1.61846 0.0296387 0.224694 7.72111e-05 0.00592597 0.110302 6.9
1250.00 870.00 5.999993 12.093235 -35501.052252 1.477425 8.012759 -0.518 17.7454 1.9516 0.0240691 39.3632 39.0237 1.54293 0.0278815 0.208262 7.06955e-05 0.00601673 0.106933 6.6
1250.00 860.00 6.010877 12.036945 -35572.535668 1.476086 8.024202 -0.502 17.6591 2.02284 0.0216229 39.503 38.9947 1.47107 0.0262159 0.191677 6.43036e-05 0.00609066 0.103617 6.3
1250.00 850.00 6.016548 11.969322 -35612.738642 1.473503 8.028825 -0.485 17.5776 2.08003 0.0194144 39.6436 38.9702 1.40262 0.0246208 0.175313 5.80354e-05 0.00614229 0.100355 6.0

liquid_0 thermodynamic data and composition:
Pressure Temperature mass S H V Cp viscosity SiO2 TiO2 Al2O3 Fe2O3 FeO MgO CaO Na2O K2O P2O5 H2O Mg#
1250.00 1050.00 94.768475 263.004531 -1259933.465311 41.919851 133.946303 4.268 64.0539 0.752133 17.0477 0.556174 0.83262 1.8528 5.33504 3.37337 2.85959 0.178979 3.15774 79.9
1250.00 1040.00 94.700140 261.823458 -1260888.811087 41.849974 133.810224 4.339 64.0866 0.751352 17.0601 0.530108 0.804633 1.85171 5.33893 3.37578 2.86165 0.17911 3.16007 80.4
1250.00 1030.00 94.633599 260.640588 -1261851.101971 41.780730 133.675244 4.411 64.1184 0.750552 17.0721 0.504829 0.777306 1.8506 5.34274 3.37815 2.86366 0.179238 3.16235 80.9
1250.00 1020.00 94.568825 259.455710 -1262820.217414 41.712112 133.541302 4.485 64.1494 0.749733 17.0839 0.480333 0.750632 1.84944 5.34645 3.38047 2.86563 0.179363 3.16458 81.5
1250.00 1010.00 94.505789 258.268614 -1263796.033868 41.644111 133.408333 4.559 64.1796 0.748893 17.0954 0.456611 0.724602 1.84825 5.35007 3.38275 2.86754 0.179486 3.16676 82.0
1250.00 1000.00 94.444461 257.079085 -1264778.424625 41.576718 133.276273 4.635 64.209 0.748034 17.1066 0.433657 0.699208 1.84703 5.3536 3.38499 2.8694 0.179605 3.16889 82.5
1250.00 990.00 92.969038 252.359443 -1246529.890171 40.961140 131.092836 4.695 64.4431 0.756379 16.9135 0.409639 0.6747 1.8706 5.23397 3.38502 2.91153 0.182451 3.21912 83.2
1250.00 980.00 90.948196 246.304786 -1220796.384907 40.132651 128.123324 4.748 64.7556 0.76852 16.6381 0.385693 0.650947 1.90477 5.06926 3.37909 2.97091 0.186497 3.29054 83.9
1250.00 970.00 88.698218 239.709940 -1191861.406552 39.217441 124.790953 4.806 65.0868 0.782257 16.38 0.365591 0.621446 1.87512 4.90986 3.37369 3.04008 0.191224 3.37395 84.3
1250.00 960.00 86.154014 232.422511 -1158823.495234 38.191367 120.992386 4.868 65.4464 0.798043 16.1434 0.350446 0.584108 1.75901 4.75473 3.37081 3.12258 0.196874 3.4736 84.3
1250.00 950.00 83.747807 225.517318 -1127567.483621 37.216539 117.407943 4.928 65.7929 0.813255 15.9095 0.335815 0.54849 1.65097 4.60784 3.36087 3.20436 0.202534 3.57344 84.3
1250.00 940.00 81.466971 218.960091 -1097929.627452 36.288353 114.017687 4.987 66.1268 0.827881 15.6784 0.321659 0.514545 1.55035 4.469 3.34411 3.28545 0.208208 3.67352 84.3
1250.00 930.00 79.300789 212.721657 -1069771.210311 35.402924 110.804619 5.044 66.4488 0.8419 15.4501 0.307947 0.48223 1.45655 4.33795 3.32081 3.36584 0.2139 3.77392 84.3
1250.00 920.00 77.240096 206.776999 -1042973.920159 34.556952 107.754141 5.099 66.7594 0.855288 15.2246 0.294651 0.451497 1.36904 4.2144 3.2913 3.44553 0.219611 3.87468 84.4
1250.00 910.00 76.167877 203.264429 -1031723.011276 34.152795 106.037248 5.257 66.9516 0.776801 15.9395 0.261309 0.441804 1.2354 3.43357 3.31532 3.49252 0.222726 3.92951 83.3
1250.00 900.00 74.298086 197.832064 -1007516.039640 33.379873 103.280548 5.318 67.2326 0.775216 15.781 0.248082 0.414675 1.15946 3.29345 3.27014 3.56857 0.22834 4.0285 83.3
1250.00 890.00 71.794325 190.395168 -974633.105428 32.288445 99.552373 5.418 67.6505 0.781085 15.5441 0.234331 0.383844 1.08163 3.15095 3.19261 3.6739 0.236304 4.0707 83.4
1250.00 880.00 68.620182 180.835085 -932565.590439 30.857825 94.801796 5.569 68.2256 0.79665 15.2244 0.219895 0.349417 1.00227 3.00831 3.06987 3.81386 0.247224 4.04252 83.6
1250.00 870.00 65.670728 171.941460 -893487.949191 29.524976 90.399021 5.723 68.7817 0.80894 14.9247 0.206058 0.317657 0.929678 2.87701 2.93287 3.95105 0.258318 4.01206 83.9
1250.00 860.00 62.946608 163.714248 -857416.759920 28.291328 86.341300 5.881 69.3194 0.816983 14.6447 0.192902 0.288424 0.863188 2.75579 2.78513 4.08397 0.269489 3.98005 84.2
1250.00 850.00 60.443852 156.139795 -824305.590092 27.156082 82.619423 6.041 69.84 0.819555 14.3834 0.180504 0.261544 0.802195 2.64355 2.63019 4.21122 0.280641 3.9472 84.5

water thermodynamic data and composition:
Pressure Temperature mass S H V Cp formula
1250.00 890.00 0.070688 0.683189 -850.208017 0.281789 0.242494 H2O
1250.00 880.00 0.219418 2.114123 -2646.635556 0.862393 0.758371 H2O
1250.00 870.00 0.358836 3.446600 -4340.767265 1.390114 1.250028 H2O
1250.00 860.00 0.488467 4.676681 -5925.966359 1.864532 1.715692 H2O
1250.00 850.00 0.608124 5.803284 -7399.066701 2.286449 2.154524 H2O

feldspar_0 thermodynamic data and composition:
Pressure Temperature mass S H V Cp formula SiO2 TiO2 Al2O3 Fe2O3 FeO MgO CaO Na2O K2O P2O5 H2O
1250.00 990.00 1.388280 3.163900 -19417.396613 0.521509 1.683417 K0.01Na0.32Ca0.67Al1.67Si2.33O8 51.3169 0 31.1263 0 0 0 13.7054 3.62341 0.228052 0 0
1250.00 980.00 3.314594 7.529304 -46389.099903 1.245982 4.016204 K0.01Na0.33Ca0.65Al1.65Si2.35O8 51.6335 0 30.91 0 0 0 13.4531 3.76207 0.241293 0 0
1250.00 970.00 5.290615 11.977711 -74090.986735 1.990084 6.405533 K0.01Na0.34Ca0.64Al1.64Si2.36O8 51.9402 0 30.7004 0 0 0 13.2086 3.89577 0.255125 0 0
1250.00 960.00 7.333457 16.545436 -102764.771609 2.760189 8.871808 K0.02Na0.35Ca0.63Al1.63Si2.37O8 52.2327 0 30.5001 0 0 0 12.9751 4.02259 0.269515 0 0
1250.00 950.00 9.286392 20.877944 -130214.564034 3.497305 11.225374 K0.02Na0.36Ca0.62Al1.62Si2.38O8 52.5193 0 30.3037 0 0 0 12.7462 4.14643 0.284388 0 0
1250.00 940.00 11.156545 24.992491 -156538.182628 4.204004 13.475041 K0.02Na0.37Ca0.61Al1.61Si2.39O8 52.7991 0 30.1118 0 0 0 12.5226 4.26683 0.299724 0 0
1250.00 930.00 12.949860 28.903508 -181817.156971 4.882418 15.628182 K0.02Na0.38Ca0.60Al1.60Si2.40O8 53.0712 0 29.9249 0 0 0 12.3049 4.3834 0.315501 0 0
1250.00 920.00 14.671341 32.623186 -206119.993985 5.534329 17.691030 K0.02Na0.39Ca0.59Al1.59Si2.41O8 53.335 0 29.7436 0 0 0 12.0938 4.49589 0.331697 0 0
1250.00 910.00 13.207317 29.335699 -185548.297225 4.998258 15.933247 K0.02Na0.44Ca0.54Al1.54Si2.46O8 54.5548 0 28.9118 0 0 0 11.1229 5.03337 0.377165 0 0
1250.00 900.00 14.703117 32.536803 -206685.815151 5.568099 17.725087 K0.02Na0.45Ca0.53Al1.53Si2.47O8 54.876 0 28.6906 0 0 0 10.8654 5.16929 0.398654 0 0
1250.00 890.00 16.801496 37.049488 -236302.778466 6.368772 20.242945 K0.02Na0.47Ca0.51Al1.51Si2.49O8 55.2907 0 28.4041 0 0 0 10.5323 5.34228 0.430597 0 0
1250.00 880.00 19.528854 42.919420 -274774.023555 7.411493 23.518312 K0.03Na0.48Ca0.49Al1.49Si2.51O8 55.7931 0 28.0555 0 0 0 10.1276 5.54803 0.475806 0 0
1250.00 870.00 22.052270 48.293677 -310412.166239 8.378193 26.544610 K0.03Na0.50Ca0.47Al1.47Si2.53O8 56.2522 0 27.7357 0 0 0 9.75657 5.73265 0.522891 0 0
1250.00 860.00 24.370121 53.170961 -343192.754592 9.267699 29.320343 K0.03Na0.51Ca0.45Al1.45Si2.55O8 56.6695 0 27.4437 0 0 0 9.4183 5.89702 0.571513 0 0
1250.00 850.00 26.485394 57.560750 -373155.690855 10.080678 31.849808 K0.04Na0.53Ca0.44Al1.44Si2.56O8 57.0471 0 27.1781 0 0 0 9.11105 6.04235 0.621362 0 0

clinopyroxene_0 thermodynamic data and composition:
Pressure Temperature mass S H V Cp structure formula SiO2 TiO2 Al2O3 Fe2O3 FeO MgO CaO Na2O K2O P2O5 H2O
1250.00 910.00 4.319752 9.007058 -57652.759028 1.326754 5.010024 cpx Na0.02Ca0.88Fe''0.10Mg0.88Fe'''0.04Ti0.05Al0.19Si1.85O6 50.4869 1.83894 4.43339 1.28055 3.10964 16.0762 22.4528 0.321613 0 0 0
1250.00 900.00 4.475483 9.283212 -59759.304550 1.372764 5.181037 cpx Na0.02Ca0.88Fe''0.09Mg0.87Fe'''0.04Ti0.06Al0.20Si1.84O6 50.2486 2.02551 4.55733 1.27927 3.10035 15.9301 22.524 0.334857 0 0 0
1250.00 890.00 4.508610 9.302550 -60226.809819 1.381034 5.209611 cpx Na0.02Ca0.89Fe''0.09Mg0.86Fe'''0.04Ti0.06Al0.20Si1.83O6 50.0055 2.22418 4.67386 1.27924 3.09237 15.7851 22.5898 0.350007 0 0 0
1250.00 880.00 4.438777 9.109494 -59316.593757 1.357793 5.119362 cpx Na0.03Ca0.89Fe''0.09Mg0.86Fe'''0.04Ti0.07Al0.21Si1.83O6 49.7726 2.4253 4.77281 1.27934 3.08709 15.6472 22.649 0.366714 0 0 0
1250.00 870.00 4.422778 9.027308 -59123.019899 1.350903 5.090993 cpx Na0.03Ca0.89Fe''0.09Mg0.85Fe'''0.04Ti0.07Al0.21Si1.82O6 49.5035 2.64765 4.89899 1.28166 3.08038 15.4962 22.7079 0.383654 0 0 0
1250.00 860.00 4.451945 9.036506 -59530.141610 1.357602 5.114083 cpx Na0.03Ca0.90Fe''0.09Mg0.84Fe'''0.04Ti0.08Al0.22Si1.81O6 49.1877 2.89795 5.05976 1.28685 3.0719 15.3282 22.7667 0.400928 0 0 0
1250.00 850.00 4.517609 9.117879 -60421.099451 1.375098 5.178185 cpx Na0.03Ca0.90Fe''0.09Mg0.83Fe'''0.04Ti0.09Al0.23Si1.79O6 48.8077 3.18718 5.26685 1.29607 3.06102 15.1366 22.8259 0.418712 0 0 0

orthopyroxene_0 thermodynamic data and composition:
Pressure Temperature mass S H V Cp structure formula SiO2 TiO2 Al2O3 Fe2O3 FeO MgO CaO Na2O K2O P2O5 H2O
1250.00 970.00 0.205952 0.459972 -2747.950659 0.064026 0.258910 opx Na0.00Ca0.05Fe''0.21Mg1.69Fe'''0.02Ti0.01Al0.08Si1.95O6 56.0353 0.235573 1.86318 0.589396 7.37762 32.5889 1.28992 0.0201967 0 0 0
1250.00 960.00 0.675099 1.500628 -9008.443438 0.209728 0.847406 opx Na0.00Ca0.05Fe''0.22Mg1.69Fe'''0.01Ti0.01Al0.07Si1.95O6 56.0443 0.241818 1.81051 0.566994 7.49425 32.5329 1.28871 0.0204219 0 0 0
1250.00 950.00 1.099476 2.432257 -14672.636783 0.341329 1.377984 opx Na0.00Ca0.05Fe''0.22Mg1.69Fe'''0.01Ti0.01Al0.07Si1.95O6 56.0529 0.247681 1.75904 0.54504 7.61024 32.4768 1.28767 0.0206311 0 0 0
1250.00 940.00 1.484260 3.267600 -19809.448058 0.460464 1.857363 opx Na0.00Ca0.05Fe''0.22Mg1.68Fe'''0.01Ti0.01Al0.07Si1.95O6 56.0611 0.2531 1.70856 0.523479 7.72585 32.4201 1.28701 0.0208241 0 0 0
1250.00 930.00 1.833946 4.017692 -24478.651494 0.568553 2.291364 opx Na0.00Ca0.05Fe''0.23Mg1.68Fe'''0.01Ti0.01Al0.07Si1.95O6 56.0689 0.258009 1.65888 0.502265 7.84136 32.3626 1.28695 0.0210008 0 0 0
1250.00 920.00 2.152452 4.692131 -28732.300002 0.666832 2.685057 opx Na0.00Ca0.05Fe''0.23Mg1.68Fe'''0.01Ti0.01Al0.07Si1.95O6 56.0765 0.262341 1.60984 0.481365 7.95705 32.3041 1.28768 0.021161 0 0 0
1250.00 910.00 0.387375 0.840252 -5165.556008 0.119769 0.482414 opx Na0.00Ca0.04Fe''0.24Mg1.68Fe'''0.01Ti0.01Al0.08Si1.95O6 55.8591 0.311004 1.84927 0.497616 8.25843 32.2654 0.938166 0.0209908 0 0 0
1250.00 900.00 0.590445 1.274230 -7872.845379 0.182409 0.734087 opx Na0.00Ca0.03Fe''0.25Mg1.68Fe'''0.01Ti0.01Al0.07Si1.95O6 55.8555 0.315371 1.81353 0.478059 8.39728 32.2026 0.916614 0.0210543 0 0 0
1250.00 890.00 0.872976 1.874233 -11637.973647 0.269478 1.083504 opx Na0.00Ca0.03Fe''0.25Mg1.67Fe'''0.01Ti0.01Al0.07Si1.95O6 55.8634 0.3154 1.76023 0.456944 8.54858 32.1357 0.898628 0.0211663 0 0 0
1250.00 880.00 1.219015 2.603419 -16246.340487 0.375997 1.510343 opx Na0.00Ca0.03Fe''0.25Mg1.67Fe'''0.01Ti0.01Al0.07Si1.95O6 55.8833 0.310383 1.68848 0.434316 8.71442 32.0633 0.884524 0.0212959 0 0 0
1250.00 870.00 1.505393 3.197940 -20056.470067 0.463953 1.861835 opx Na0.00Ca0.03Fe''0.26Mg1.67Fe'''0.01Ti0.01Al0.07Si1.95O6 55.9024 0.303429 1.61878 0.412222 8.88382 31.9873 0.870777 0.0213324 0 0 0
1250.00 860.00 1.741979 3.680609 -23200.246096 0.536429 2.150531 opx Na0.00Ca0.03Fe''0.26Mg1.66Fe'''0.01Ti0.01Al0.06Si1.96O6 55.9206 0.294549 1.55108 0.390677 9.05664 31.9078 0.857445 0.0212769 0 0 0
1250.00 850.00 1.938471 4.073460 -25807.338143 0.596446 2.388699 opx Na0.00Ca0.03Fe''0.27Mg1.66Fe'''0.01Ti0.01Al0.06Si1.96O6 55.9383 0.283684 1.48506 0.36969 9.23228 31.8252 0.844636 0.0211318 0 0 0
