Title:  SIO2_H

Solid Composition:
Pressure Temperature mass SiO2 TiO2 Al2O3 Fe2O3 FeO MgO CaO Na2O K2O P2O5 H2O 
1250.00 1050.00 0.000000 ---
1250.00 1040.00 0.000000 ---
1250.00 1030.00 0.000000 ---
1250.00 1020.00 0.000000 ---
1250.00 1010.00 0.000000 ---
1250.00 1000.00 0.000000 ---
1250.00 990.00 1.388280 51.3169 1.06077e-14 31.1263 5.98629e-14 -7.18205e-13 -2.98397e-13 13.7054 3.62341 0.228052 -4.19773e-14 7.20348e-14
1250.00 980.00 3.314594 51.6335 5.22697e-16 30.91 -8.35764e-15 -3.00812e-13 -1.2498e-13 13.4531 3.76207 0.241293 4.18505e-14 2.26282e-14
1250.00 970.00 5.496567 52.0936 0.00882674 29.6199 0.0220842 0.276434 1.22108 12.762 3.75055 0.245566 -3.56021e-14 2.32755e-15
1250.00 960.00 8.008555 52.554 0.0203846 28.0817 0.047796 0.631744 2.74244 11.99 3.68522 0.246796 -3.29601e-14 -8.53617e-17
1250.00 950.00 10.385867 52.8934 0.0262202 27.2819 0.0576994 0.80564 3.43808 11.5332 3.70966 0.254282 1.33564e-14 2.40722e-15
1250.00 940.00 12.640805 53.1821 0.0297185 26.7767 0.0614659 0.907156 3.80671 11.2033 3.76827 0.264531 3.05501e-14 2.00871e-16
1250.00 930.00 14.783807 53.4431 0.0320062 26.4185 0.0623065 0.972729 4.01462 10.9381 3.84224 0.276363 -2.39287e-14 5.07334e-15
1250.00 920.00 16.823792 53.6858 0.0335641 26.1442 0.0615863 1.01803 4.13301 10.7112 3.92339 0.28926 -1.28677e-14 4.01119e-15
1250.00 910.00 17.914445 53.6021 0.450153 22.424 0.319542 0.928412 4.57418 13.6347 3.78883 0.278063 -1.8792e-15 3.48896e-16
1250.00 900.00 19.769046 53.8577 0.467971 22.4243 0.30389 0.952686 4.56818 13.2077 3.92107 0.296497 2.21804e-14 -2.62318e-15
1250.00 890.00 22.253770 54.0668 0.462991 22.4609 0.2771 0.961859 4.45868 12.5638 4.10514 0.325099 -3.84571e-14 0.317644
1250.00 880.00 25.406064 54.2637 0.438624 22.4803 0.244358 0.957485 4.2722 11.7843 4.32969 0.365737 2.76055e-14 0.863643
1250.00 870.00 28.339277 54.4681 0.429325 22.4332 0.22192 0.952652 4.1176 11.1823 4.52188 0.406889 1.15197e-14 1.26622
1250.00 860.00 31.052512 54.6634 0.431998 22.3503 0.20641 0.948471 3.98753 10.7036 4.68668 0.448525 7.18486e-15 1.57303
1250.00 850.00 33.549598 54.8396 0.44556 22.2505 0.195883 0.945615 3.87705 10.315 4.82767 0.490528 2.17122e-14 1.81261